"Data1" "Data2" "Data3" "Data4" "Data5"
"1" 0.0924802139622051 1.05191724799806 1.05191724799806 1.05191724799806 0.821090772772684
"2" 0.660574747089917 0.475937726305868 0.475937726305868 0.475937726305868 1.14056548605648
"3" 0.6411757280744 0.0896156601682343 0.0896156601682343 0.0896156601682343 0.894490638923688
"4" 0.66220038478862 0.318778365065525 0.318778365065525 0.318778365065525 1.1660460363893
"5" 1.10509081753954 0.89464402033538 0.89464402033538 0.89464402033538 0.437925735227397
"6" 0.688036258374942 0.360566599049551 0.360566599049551 0.360566599049551 0.138399476310962
"7" 0.0074043111006384 0.437965512264499 0.437965512264499 0.437965512264499 0.291096964577633
"8" 0.19925794031667 0.0870759406725802 0.0870759406725802 0.0870759406725802 0.503520749602625
"9" 0.72869225294138 1.37782278004022 1.37782278004022 1.37782278004022 0.83317336491254
"10" 0.510002965273682 1.45939271895773 1.45939271895773 1.45939271895773 1.46489081309878
"11" 0.773988878176378 0.376474976277089 0.376474976277089 0.376474976277089 0.0271960198277663
"12" 0.550562292964162 1.12075509656837 1.12075509656837 1.12075509656837 0.125987767611812
"13" 0.248009145926786 0.0504810649360517 0.0504810649360517 0.0504810649360517 0.84753794201226
"14" 1.2636790129592 0.758060198216883 0.758060198216883 0.758060198216883 0.000883369856272189
"15" 0.257594426260999 0.765585453432353 0.765585453432353 0.765585453432353 0.362282167083985
"16" 1.05116508458453 0.279608102556264 0.279608102556264 0.279608102556264 0.445191059557435
"17" 0.251489320129578 0.68527100437217 0.68527100437217 0.68527100437217 0.358873577455621
"18" 0.232291537625848 0.689468213411882 0.689468213411882 0.689468213411882 0.374953217904744
"19" 0.156723173501761 0.482841416046835 0.482841416046835 0.482841416046835 0.149697257778063
"20" 0.198950216904627 1.09362743836641 1.09362743836641 1.09362743836641 1.34444243404549
"21" 0.282318703832751 0.119825275416276 0.119825275416276 0.119825275416276 0.434617420914555
"22" 0.268079923345308 0.396473429950377 0.396473429950377 0.396473429950377 0.292820707814903
"23" 0.131884797919367 0.169559296673036 0.169559296673036 0.169559296673036 1.38630255182987
"24" 0.0315645836007729 1.42902507373253 1.42902507373253 1.42902507373253 0.797666567005201
"25" 0.186303993435441 0.48535605269661 0.48535605269661 0.48535605269661 0.69459970468144
"26" 0.99352164203183 0.343776253554077 0.343776253554077 0.343776253554077 0.360748935224601
"27" 0.524922129243719 1.0807020897781 1.0807020897781 1.0807020897781 0.782366415461942
"28" 1.2398429922926 0.775353581077973 0.775353581077973 0.775353581077973 0.549327648365666
"29" 1.03802595489838 0.325635266281956 0.325635266281956 0.325635266281956 0.193506500707071
"30" 0.0362051032828851 0.342831310810115 0.342831310810115 0.342831310810115 0.472307570194558
"31" 0.43745701056365 0.161305782353337 0.161305782353337 0.161305782353337 0.957277721887316
"32" 0.23069137372394 0.936222861850862 0.936222861850862 0.936222861850862 0.0046624611912385
"33" 0.270091885009242 0.00266309229105158 0.00266309229105158 0.00266309229105158 0.157622861587502
"34" 0.501059149597709 1.28475933984411 1.28475933984411 1.28475933984411 0.75437593737484
"35" 0.151623422081651 0.767011947771783 0.767011947771783 0.767011947771783 0.339007270834216
"36" 0.892001139275479 0.218598321057323 0.218598321057323 0.218598321057323 0.329804910944471
"37" 0.1700098942147 0.727647142974726 0.727647142974726 0.727647142974726 1.12374720157417
"38" 0.224471360424275 0.462700399739251 0.462700399739251 0.462700399739251 1.21204022663223
"39" 1.47303698575158 0.564545890810278 0.564545890810278 0.564545890810278 0.653269997157873
"40" 0.986733806157616 0.270944592348384 0.270944592348384 0.270944592348384 0.109954534760413
"41" 0.561887678262587 1.27846898467754 1.27846898467754 1.27846898467754 0.935632505241932
"42" 0.697503452922012 0.226678995016536 0.226678995016536 0.226678995016536 0.405612546709938
"43" 0.277397671336195 0.421973915180041 0.421973915180041 0.421973915180041 1.2742922140132
"44" 0.659852802857335 0.797947665148287 0.797947665148287 0.797947665148287 0.918065656495932
"45" 0.295967641325394 1.20888619043347 1.20888619043347 1.20888619043347 0.225319076733646
"46" 0.494274512900929 0.508544676885287 0.508544676885287 0.508544676885287 0.287081933364433
"47" 0.746578162338469 0.492399800604613 0.492399800604613 0.492399800604613 0.0478925594627561
"48" 0.472847776061376 0.0394496825446773 0.0394496825446773 0.0394496825446773 0.034343037040935
"49" 0.210105108732422 0.215353586809594 0.215353586809594 0.215353586809594 0.0437112174168186
"50" 0.903035527984882 0.948161116116384 0.948161116116384 0.948161116116384 0.665464569225452
"51" 0.0590255997733462 0.167174247209004 0.167174247209004 0.167174247209004 1.38337015572539
"52" 0.275208433814459 1.15357901625733 1.15357901625733 1.15357901625733 1.02919811839398
"53" 0.814697568641066 0.332717797190854 0.332717797190854 0.332717797190854 0.280687836741475
"54" 0.497525303084769 0.235362897310917 0.235362897310917 0.235362897310917 0.180914205124693
"55" 0.12653906940616 0.613104626089248 0.613104626089248 0.613104626089248 0.841772817557265
"56" 0.496743129598402 0.137577931942935 0.137577931942935 0.137577931942935 0.490770237022111
"57" 0.484091751545609 0.477944779433182 0.477944779433182 0.477944779433182 0.83687399265818
"58" 0.876072383746532 1.38000895300178 1.38000895300178 1.38000895300178 0.064443218881274
"59" 0.145812417491321 0.598339011596345 0.598339011596345 0.598339011596345 0.413019316494437
"60" 1.07613816249666 0.952817373914254 0.952817373914254 0.952817373914254 0.203086322735631
"61" 1.11432505184549 0.597270172131472 0.597270172131472 0.597270172131472 0.954369484270598
"62" 0.0330581019616041 0.546394191437657 0.546394191437657 0.546394191437657 0.224349332762695
"63" 0.282905830492628 0.897515446972363 0.897515446972363 0.897515446972363 1.45235340412017
"64" 0.0107393742269698 0.117111389433299 0.117111389433299 0.117111389433299 0.886713444330326
"65" 0.20541645635705 0.363570262878913 0.363570262878913 0.363570262878913 1.43196211900243
"66" 0.79596506517687 0.979168534533375 0.979168534533375 0.979168534533375 0.186442804835543
"67" 0.273581323135454 1.3365854360819 1.3365854360819 1.3365854360819 1.33568489068251
"68" 0.502651235131073 0.0303276111525116 0.0303276111525116 0.0303276111525116 0.12342194653128
"69" 0.0409498161192557 0.733715275495402 0.733715275495402 0.733715275495402 0.628107329484156
"70" 0.577316772113286 0.135469805849712 0.135469805849712 0.135469805849712 1.3289825395281
"71" 0.0991291858391559 0.0947207716675411 0.0947207716675411 0.0947207716675411 0.765203945564974
"72" 1.18292146957246 0.108560619542301 0.108560619542301 0.108560619542301 0.498788202684409
"73" 0.011428531409798 0.362082607906542 0.362082607906542 0.362082607906542 0.342100132665686
"74" 0.937471382477017 0.183447584484684 0.183447584484684 0.183447584484684 0.302290668878042
"75" 0.0724505348232375 0.779801759922302 0.779801759922302 0.779801759922302 0.0382056498179463
"76" 0.516412932488894 0.130185123827398 0.130185123827398 0.130185123827398 0.655546385514768
"77" 0.354570303139437 0.307254499210501 0.307254499210501 0.307254499210501 1.37404727808665
"78" 0.0559585517718249 0.299477694328279 0.299477694328279 0.299477694328279 0.710942718496015
"79" 0.286481434739028 0.679785345768725 0.679785345768725 0.679785345768725 0.504894013486931
"80" 0.732582453842985 0.378602863982321 0.378602863982321 0.378602863982321 0.123984846684462
"81" 1.27186838418096 0.731781274510494 0.731781274510494 0.731781274510494 1.12770553901583
"82" 0.456672768520606 1.48300470240141 1.48300470240141 1.48300470240141 0.510249496213552
"83" 0.117425853149636 1.21109949827168 1.21109949827168 1.21109949827168 0.00674097262655178
"84" 0.549612810426737 0.307026359300535 0.307026359300535 0.307026359300535 0.0150241335781748
"85" 0.165349013192568 0.223003040710629 0.223003040710629 0.223003040710629 0.119084186818911
"86" 1.1975934648163 0.288080204355023 0.288080204355023 0.288080204355023 0.270457891305281
"87" 0.36038271687926 0.483215882073779 0.483215882073779 0.483215882073779 1.02562556438676
"88" 0.276420565688539 0.014810404362839 0.014810404362839 0.014810404362839 0.494716741021204
"89" 0.132756198074153 0.250389637603255 0.250389637603255 0.250389637603255 0.978888037472044
"90" 1.19145072525145 0.716888349551426 0.716888349551426 0.716888349551426 0.0482551491668326
"91" 0.138419100336862 0.106329021733443 0.106329021733443 0.106329021733443 1.2761864218722
"92" 1.20234982810929 0.0943110655901738 0.0943110655901738 0.0943110655901738 0.988457048172932
"93" 0.109994911169558 0.025358146691274 0.025358146691274 0.025358146691274 0.0631823283096986
"94" 0.107860361385235 0.253865425430469 0.253865425430469 0.253865425430469 0.628939447765613
"95" 0.0853342589251289 0.595386497316202 0.595386497316202 0.595386497316202 0.810334988977195
"96" 0.506557834947363 0.0304103478591012 0.0304103478591012 0.0304103478591012 0.509478515468526
"97" 0.265549600522252 0.830608264547431 0.830608264547431 0.830608264547431 0.819701356639974
"98" 0.0209739743122304 1.19192830602292 1.19192830602292 1.19192830602292 0.873735772441841
"99" 0.275168363741142 0.852910200996686 0.852910200996686 0.852910200996686 0.0772053284731446
"100" 0.859273501037099 0.378054212621213 0.378054212621213 0.378054212621213 0.369700720918401
"101" 0.0279317463169788 0.0660432382343619 0.0660432382343619 0.0660432382343619 0.259757343126471
"102" 0.578017597613029 0.399300954791007 0.399300954791007 0.399300954791007 0.653014875968053
"103" 0.245547421342802 0.105865011607473 0.105865011607473 0.105865011607473 1.4142173451909
"104" 0.172728469512279 0.0240343678518979 0.0240343678518979 0.0240343678518979 0.654446385076132
"105" 0.109700717157891 0.103791769603983 0.103791769603983 0.103791769603983 0.51925438252311
"106" 0.291706779953277 0.325086877675955 0.325086877675955 0.325086877675955 1.20773982198008
"107" 0.128359609310766 0.211626629402742 0.211626629402742 0.211626629402742 0.683630850841133
"108" 0.106431829891739 0.51274167157766 0.51274167157766 0.51274167157766 1.11306467130863
"109" 0.413019991460049 0.58148081479855 0.58148081479855 0.58148081479855 0.217019590134928
"110" 0.0304801471988789 0.426067308401784 0.426067308401784 0.426067308401784 0.182818498988556
"111" 0.807755819619358 0.826405279564372 0.826405279564372 0.826405279564372 0.64147271769061
"112" 0.0815185941533159 0.30272488555097 0.30272488555097 0.30272488555097 0.353660310399921
"113" 1.34041603363437 0.59158347851996 0.175808392595314 0.175808392595314 0.883695997672491
"114" 0.09941880907993 1.470520336998 1.470520336998 1.470520336998 0.349565467892849
"115" 0.187106511106509 0.00162446849332406 0.00162446849332406 0.00162446849332406 0.961261475941271
"116" 1.23563667941135 1.29458989839722 1.29458989839722 1.29458989839722 1.21605931179578
"117" 1.32728897981431 1.03489063255487 1.03489063255487 1.03489063255487 1.44587561420185
"118" 0.244454078936796 0.295749856455974 0.295749856455974 0.295749856455974 0.610202315347953
"119" 0.100838493414901 0.838749831792826 0.838749831792826 0.838749831792826 0.00737949787126458
"120" 0.96571713438022 0.114152442669267 0.114152442669267 0.114152442669267 0.286634199555203
"121" 0.863239470747947 0.207963244896735 0.207963244896735 0.207963244896735 0.570266162249394
"122" 1.24338173004382 0.803717675300944 0.803717675300944 0.803717675300944 0.510865495384259
"123" 1.48136743805099 0.591373918630893 0.591373918630893 0.591373918630893 0.0722421876391214
"124" 1.31711021420013 1.01869446251214 1.01869446251214 1.01869446251214 0.7567192648825
"125" 0.474275036709143 0.352164701060649 0.352164701060649 0.352164701060649 0.80197118150365
"126" 0.248732126218782 0.413825497550852 0.413825497550852 0.413825497550852 0.972003671315569
"127" 0.217432724904298 0.547964876867188 0.547964876867188 0.547964876867188 1.32210357674916
"128" 0.495877512090884 0.0816054103794063 0.0816054103794063 0.0816054103794063 0.156653523544003
"129" 0.487887445825266 0.902579369646153 0.902579369646153 0.902579369646153 0.24394437786409
"130" 0.284209369464278 0.329065067117097 0.329065067117097 0.329065067117097 0.920052290656669
"131" 1.37643074070041 0.561681980190176 1.24817653162438 1.24817653162438 0.026328003215971
"132" 0.678480611738086 0.82273026331735 0.82273026331735 0.82273026331735 0.738129773331714
"133" 0.104249092991417 0.166998740313998 0.166998740313998 0.166998740313998 0.998081931887502
"134" 0.398468318303218 0.151797454507002 0.151797454507002 0.151797454507002 0.7239981461139
"135" 1.23892743149962 0.648717454797838 0.648717454797838 0.648717454797838 1.32325904810034
"136" 0.451635371472444 0.168976859488656 0.168976859488656 0.168976859488656 1.13830982435582
"137" 1.22257549505366 1.22457663508736 1.22457663508736 1.22457663508736 0.780376728156823
"138" 0.624309282066115 0.279435421794141 0.279435421794141 0.279435421794141 0.155196028295882
"139" 0.674878946031889 0.153983089801467 0.153983089801467 0.153983089801467 0.0788043103208407
"140" 1.124616128469 1.25788836198485 1.25788836198485 1.25788836198485 0.987583678957627
"141" 0.495233111520883 0.385605823540559 0.385605823540559 0.385605823540559 0.519787844899414
"142" 1.4445866347289 0.616956910959543 0.616956910959543 0.616956910959543 0.773903617544446
"143" 0.290359949650725 0.0301588719164693 0.0301588719164693 0.0301588719164693 0.183994876042085
"144" 0.468350083768309 1.09038120588776 1.09038120588776 1.09038120588776 0.672136690472805
"145" 0.324806043284551 0.646842315025626 0.646842315025626 0.646842315025626 0.121270845507751
"146" 0.668393082883754 0.438529907838989 0.438529907838989 0.438529907838989 1.36677771226837
"147" 0.858320975201032 0.226310101082439 0.226310101082439 0.226310101082439 1.46614717819415
"148" 0.579251782170092 0.219300046939025 0.219300046939025 0.219300046939025 0.487220961553239
"149" 1.43524705484661 0.634447517997485 0.634447517997485 0.634447517997485 1.25332593847839
"150" 0.594403660460104 0.698134664802707 0.698134664802707 0.698134664802707 0.341218840086365
"151" 0.417150914646841 0.185277328596534 0.185277328596534 0.185277328596534 1.02866463263005
"152" 0.195518910180629 0.0197571289395743 0.0197571289395743 0.0197571289395743 0.569697749912626
"153" 0.0659540540426307 0.737711396803458 0.737711396803458 0.737711396803458 0.962682797114725
"154" 1.08041440009445 0.0636534314849104 0.0636534314849104 0.0636534314849104 0.319482490706166
"155" 0.201261294663322 0.0119502584701024 0.0119502584701024 0.0119502584701024 0.176735817850753
"156" 1.45962872675197 0.629529519349181 0.629529519349181 0.629529519349181 0.940768887173413
"157" 0.630352773362587 0.301688695267205 0.301688695267205 0.301688695267205 0.756389295881286
"158" 1.49562546758298 0.591023046743699 0.591023046743699 0.591023046743699 0.408895476086024
"159" 0.345017199645677 0.128621779006052 0.128621779006052 0.128621779006052 1.07168520613819
"160" 0.564333890220348 0.104980880875592 0.104980880875592 0.104980880875592 0.630420325538701
"161" 0.405898295912879 0.139848649842107 0.139848649842107 0.139848649842107 0.856600230844341
"162" 0.593088437302616 1.25495370663648 1.25495370663648 1.25495370663648 0.620196805315761
"163" 0.409476070071271 0.755438094842889 0.755438094842889 0.755438094842889 1.08338060299824
"164" 0.191979112420702 0.00965288448724802 0.00965288448724802 0.00965288448724802 1.00047469077719
"165" 0.0683024808102783 0.683683624493332 0.683683624493332 0.683683624493332 0.350322915279705
"166" 0.683390525714192 1.03273486053473 1.03273486053473 1.03273486053473 0.482010454555052
"167" 0.407733106066147 0.439016272667072 0.439016272667072 0.439016272667072 1.47720420068367
"168" 0.0581493116831973 0.461998212007656 0.461998212007656 0.461998212007656 0.145308867913238
"169" 0.976470574414705 0.792613143193425 0.792613143193425 0.792613143193425 1.04448664404633
"170" 0.291287100675265 0.449950193051509 0.449950193051509 0.449950193051509 0.367442746234783
"171" 0.887496812740975 0.238910223728683 0.238910223728683 0.238910223728683 1.39768087700147
"172" 0.604958517051414 0.00648956635270112 0.00648956635270112 0.00648956635270112 0.158072274957092
"173" 0.800010950834476 0.0168605408219944 0.0168605408219944 0.0168605408219944 0.872388012271763
"174" 0.403024980572436 0.199945835270645 0.199945835270645 0.199945835270645 0.273964242347913
"175" 0.310488533944431 1.1407187603668 1.1407187603668 1.1407187603668 0.348819348747148
"176" 0.890957888419154 1.28157802404148 1.28157802404148 1.28157802404148 0.875262375326632
"177" 0.399606721718894 0.382089833735845 0.382089833735845 0.382089833735845 0.792024409011942
"178" 0.572233744954147 0.125276384702443 0.125276384702443 0.125276384702443 1.25590125665853
"179" 0.094555083477623 0.325381869722455 0.325381869722455 0.325381869722455 0.961881784726649
"180" 0.26841356873271 0.343914824182172 0.343914824182172 0.343914824182172 1.0330630250466
"181" 0.465163148710475 0.57456930275816 0.57456930275816 0.57456930275816 0.139449125909875
"182" 0.311822388158221 0.273763228587679 0.273763228587679 0.273763228587679 0.383437587330251
"183" 0.628627468013097 0.927641924250157 0.927641924250157 0.927641924250157 0.165420588450375
"184" 0.0609256837014718 1.25185200723472 1.25185200723472 1.25185200723472 0.225046011682259
"185" 1.35744193142322 0.597910124215123 0.726913230942162 0.726913230942162 1.40196502666873
"186" 0.0174023575840092 0.270676680734987 0.270676680734987 0.270676680734987 0.995715842283896
"187" 1.06102638480048 1.02011336268802 1.02011336268802 1.02011336268802 0.314761053211275
"188" 0.675946885176005 0.645920158083969 0.645920158083969 0.645920158083969 1.30553439638253
"189" 0.275625452366247 0.515382944136127 0.515382944136127 0.515382944136127 0.135739944099121
"190" 0.860098848677931 0.622541378631981 0.622541378631981 0.622541378631981 0.129904044798753
"191" 0.685875542884588 0.272494788440882 0.272494788440882 0.272494788440882 0.881428063470343
"192" 1.47427669398529 0.635876072766736 0.635876072766736 0.635876072766736 1.16586115014974
"193" 0.104970513860835 0.351971662346855 0.351971662346855 0.351971662346855 0.272223252036141
"194" 1.15887895302539 0.61743947486822 0.61743947486822 0.61743947486822 0.276636668939075
"195" 0.992441351385248 0.960753823427523 0.960753823427523 0.960753823427523 1.44752285122748
"196" 1.01741410710287 0.26563321323892 0.26563321323892 0.26563321323892 0.00539765108266984
"197" 1.04541847390741 0.166900310409349 0.166900310409349 0.166900310409349 0.239668569544676
"198" 0.842198530711729 0.501858864895493 0.501858864895493 0.501858864895493 0.967522136826422
"199" 1.44264147295103 0.599349437781975 0.599349437781975 0.599349437781975 0.209856780996467
"200" 0.68632800759487 0.237865074704126 0.237865074704126 0.237865074704126 0.440085794062436
"201" 0.720149168913508 0.661691455940377 0.661691455940377 0.661691455940377 0.611124202774221
"202" 0.528423674045615 0.307639166137817 0.307639166137817 0.307639166137817 1.18230144099019
"203" 0.283227175932595 0.837081581398629 0.837081581398629 0.837081581398629 0.101116788309609
"204" 0.90763766620956 0.193567060692212 0.193567060692212 0.193567060692212 0.50878486278861
"205" 0.525724723339012 0.0359153110887191 0.0359153110887191 0.0359153110887191 0.72476597130786
"206" 0.841422730551506 1.40191615778111 1.40191615778111 1.40191615778111 0.903193108923217
"207" 0.273143254635743 0.93859034226974 0.93859034226974 0.93859034226974 0.0746788070320929
"208" 0.376863087170224 1.09952898474345 1.09952898474345 1.09952898474345 0.0539821669058131
"209" 0.172918815425736 0.497795459899563 0.497795459899563 0.497795459899563 0.565662069162432
"210" 1.45118972219981 0.614737235737926 0.614737235737926 0.614737235737926 0.705198763343501
"211" 0.579728762052738 0.404313630430106 0.404313630430106 0.404313630430106 0.261266699367865
"212" 0.245663985989844 0.141925820751742 0.141925820751742 0.141925820751742 0.777217650900126
"213" 0.155209485200329 1.11671756077199 1.11671756077199 1.11671756077199 0.34729110823808
"214" 0.888955359467596 0.190223571949727 0.190223571949727 0.190223571949727 0.226566228842533
"215" 0.580381659521469 1.28324641417096 1.28324641417096 1.28324641417096 1.31074602846181
"216" 1.28799785530789 1.04609203239665 1.04609203239665 1.04609203239665 0.407585461587657
"217" 0.68553934250041 0.102676663882733 0.102676663882733 0.102676663882733 0.293145786540367
"218" 0.786118298196655 0.919230830526167 0.919230830526167 0.919230830526167 0.537090888429933
"219" 0.465682550421588 1.06651316620987 1.06651316620987 1.06651316620987 0.666067494487045
"220" 1.08052195667958 0.134002129944104 0.134002129944104 0.134002129944104 0.142019545712615
"221" 0.397639752485516 0.229209306168301 0.229209306168301 0.229209306168301 0.0887487469813516
"222" 0.0246898960681612 1.40127264738572 1.40127264738572 1.40127264738572 0.0870204505109961
"223" 0.223826716267418 0.560957660211429 0.560957660211429 0.560957660211429 0.0747755802399894
"224" 0.301281831999154 0.499841380633345 0.499841380633345 0.499841380633345 0.536648869020698
"225" 0.109536678870386 0.75914767830229 0.75914767830229 0.75914767830229 1.19197093428896
"226" 0.491157842817665 0.584027581373676 0.584027581373676 0.584027581373676 0.802064680763433
"227" 0.975921265239898 0.561397200976235 0.561397200976235 0.561397200976235 1.21806127380092
"228" 0.303708730658999 0.233911795079706 0.233911795079706 0.233911795079706 0.414380042049735
"229" 0.503130435999352 0.0573560007693798 0.0573560007693798 0.0573560007693798 0.451667784324286
"230" 0.484694057301402 1.35024947349393 1.35024947349393 1.35024947349393 0.624855105930113
"231" 0.965497682897504 0.271737039015135 0.271737039015135 0.271737039015135 0.272206673500887
"232" 0.580628227080185 0.162824192110704 0.162824192110704 0.162824192110704 0.58765304823779
"233" 0.0865273558895601 1.30505650591649 1.30505650591649 1.30505650591649 0.465658646500909
"234" 0.987351055984933 0.995588765094067 0.995588765094067 0.995588765094067 0.779098876045
"235" 0.580840917311566 0.582899823090177 0.582899823090177 0.582899823090177 0.846803707503961
"236" 0.1801841334686 1.1457584098505 1.1457584098505 1.1457584098505 0.512999173124971
"237" 0.87305289531499 0.170358899562129 0.170358899562129 0.170358899562129 1.45032224143095
"238" 0.272686628708876 0.520479515725486 0.520479515725486 0.520479515725486 1.24879723973235
"239" 0.47850706470234 0.221679850694825 0.221679850694825 0.221679850694825 0.457382206055313
"240" 1.46479990307287 0.604579123184979 0.604579123184979 0.604579123184979 0.35054713855685
"241" 0.399698212600886 1.09101716014717 1.09101716014717 1.09101716014717 1.30686769454438
"242" 0.210559714795535 0.0407198500679924 0.0407198500679924 0.0407198500679924 1.32326596493027
"243" 0.184746989137248 0.680412669562884 0.680412669562884 0.680412669562884 1.2190347500918
"244" 0.766480760019118 0.656418446107482 0.656418446107482 0.656418446107482 0.939967264561194
"245" 1.433376283292 0.617097976692104 0.617097976692104 0.617097976692104 0.666656605391104
"246" 0.462976506785596 0.0453200736502461 0.0453200736502461 0.0453200736502461 0.74420307883718
"247" 0.91861135321713 0.4949139918153 0.4949139918153 0.4949139918153 1.30199845209268
"248" 0.590891008015017 0.300822750611096 0.300822750611096 0.300822750611096 0.536584592512222
"249" 1.38793338564345 0.571180489112577 0.827703298261731 0.827703298261731 0.303326495448482
"250" 0.965234411510536 0.898588240027451 0.898588240027451 0.898588240027451 0.952561320625149
"251" 0.533107054573731 1.362049378302 1.362049378302 1.362049378302 0.100661051058205
"252" 0.622686863694214 0.211727972118066 0.211727972118066 0.211727972118066 1.36695406017506
"253" 0.229420010250958 0.158754644172131 0.158754644172131 0.158754644172131 0.0255660937970085
"254" 0.244837547848633 1.0130413675842 1.0130413675842 1.0130413675842 0.225326801260909
"255" 0.0519005808004991 0.319451505031905 0.319451505031905 0.319451505031905 1.14216372049179
"256" 0.575259111205137 0.39853719508788 0.39853719508788 0.39853719508788 1.06985034551797
"257" 0.227925236395906 1.05809251136501 1.05809251136501 1.05809251136501 0.0131797618172636
"258" 0.00255320072976009 0.466102566551324 0.466102566551324 0.466102566551324 0.15392660086492
"259" 0.612447992007045 0.288997864639122 0.288997864639122 0.288997864639122 0.0943043691077653
"260" 0.517534855580508 1.20994122679111 1.20994122679111 1.20994122679111 0.464683231081692
"261" 1.06761156867842 1.27600923609178 1.27600923609178 1.27600923609178 1.33869583237109
"262" 0.0232295254383915 0.435059091364048 0.435059091364048 0.435059091364048 1.02580069855139
"263" 0.62725217661499 1.08343514728408 1.08343514728408 1.08343514728408 0.995538194449724
"264" 0.233859794966903 1.14373182629665 1.14373182629665 1.14373182629665 1.242742747134
"265" 0.0983820554564102 0.0384497684541383 0.0384497684541383 0.0384497684541383 0.785124937465268
"266" 0.0814650074536104 0.465348815450192 0.465348815450192 0.465348815450192 0.0666849953250695
"267" 0.870418691044058 0.725666783017413 0.725666783017413 0.725666783017413 0.0962133545870455
"268" 0.0124768446707826 0.676454764735218 0.676454764735218 0.676454764735218 0.958578593513356
"269" 0.0391825810742946 0.0624480893642587 0.0624480893642587 0.0624480893642587 1.48631986580324
"270" 0.869422344026639 0.595975172736523 0.595975172736523 0.595975172736523 0.769692981252995
"271" 0.325075460643168 0.0571504947450559 0.0571504947450559 0.0571504947450559 0.121561452229362
"272" 0.890651572784393 0.659824168219144 0.659824168219144 0.659824168219144 0.283592291540917
"273" 0.345408850555166 0.528043331248484 0.528043331248484 0.528043331248484 0.129169828358542
"274" 0.970426131252515 0.661158824627098 0.661158824627098 0.661158824627098 1.48360939215381
"275" 0.0201618251917526 0.520872216418913 0.520872216418913 0.520872216418913 0.870541380712539
"276" 0.499843953264049 0.727167666605625 0.727167666605625 0.727167666605625 0.364333350875349
"277" 1.01607727502484 0.47529697756774 0.47529697756774 0.47529697756774 0.559244612352017
"278" 0.550268281986811 0.849361740051254 0.849361740051254 0.849361740051254 0.0231128377583094
"279" 0.232157945885552 1.19336953423925 1.19336953423925 1.19336953423925 0.302813149015079
"280" 0.311617371453974 1.0556819950357 1.0556819950357 1.0556819950357 1.0991591179459
"281" 0.337995725265635 0.651143045363088 0.651143045363088 0.651143045363088 0.103951442081974
"282" 0.405674627358251 0.108416604399716 0.108416604399716 0.108416604399716 0.954221569393065
"283" 1.25024753401408 0.216371496558917 0.216371496558917 0.216371496558917 0.0790881110783172
"284" 0.939901871765399 0.00336460423807455 0.00336460423807455 0.00336460423807455 0.0149915633598447
"285" 0.851437567199125 0.554099087659662 0.554099087659662 0.554099087659662 0.241350156588994
"286" 0.24605884165205 0.0501391058926443 0.0501391058926443 0.0501391058926443 0.384797436506708
"287" 0.438341920406525 0.268886762380699 0.268886762380699 0.268886762380699 0.0532094850063273
"288" 0.252803235170246 0.235798074661025 0.235798074661025 0.235798074661025 0.964434645541271
"289" 0.778547195122063 0.457824763329073 0.457824763329073 0.457824763329073 0.499801299675177
"290" 1.01506414019369 0.0697788183121941 0.0697788183121941 0.0697788183121941 0.515676039894392
"291" 0.711248055739579 0.102567804852803 0.102567804852803 0.102567804852803 0.794184962671367
"292" 0.387486661968857 0.184224636534138 0.184224636534138 0.184224636534138 1.03862726086998
"293" 1.34495115156519 0.642724695111861 0.435094558444665 0.435094558444665 0.0484642472330876
"294" 0.209320047015282 1.16837138019549 1.16837138019549 1.16837138019549 0.303374632686683
"295" 0.640306258786447 0.545212383016018 0.545212383016018 0.545212383016018 0.976138427249513
"296" 0.888747640106808 1.27185843582003 1.27185843582003 1.27185843582003 0.248774959077316
"297" 0.774117031061674 0.207702858345639 0.207702858345639 0.207702858345639 1.00253915382092
"298" 0.0939507152523428 0.783719590641309 0.783719590641309 0.783719590641309 0.182831587694319
"299" 0.681259308010332 0.512843910624797 0.512843910624797 0.512843910624797 0.564369690200502
"300" 0.274532229822831 0.701881726520994 0.701881726520994 0.701881726520994 0.0121363514406625
"301" 0.320527478299731 0.223921374987175 0.223921374987175 0.223921374987175 0.0417932616470015
"302" 1.43580789302569 0.569848445594886 0.569848445594886 0.569848445594886 0.625635807727467
"303" 0.542388130812145 0.225420218609317 0.225420218609317 0.225420218609317 0.799062608274276
"304" 0.423053657848608 0.0947084054752142 0.0947084054752142 0.0947084054752142 0.708541752818024
"305" 1.3376353161314 0.39380224453272 0.39380224453272 0.39380224453272 0.595250344027004
"306" 0.433125171260078 1.20673902615202 1.20673902615202 1.20673902615202 0.7485321470016
"307" 0.16027607888827 0.764998849720467 0.764998849720467 0.764998849720467 0.178081144878206
"308" 1.47120427320994 0.590755329898788 0.590755329898788 0.590755329898788 0.203466784975809
"309" 0.555262644256243 0.393398196369571 0.393398196369571 0.393398196369571 0.438249967230794
"310" 0.909488374953619 0.638571966567186 0.638571966567186 0.638571966567186 0.30686938648086
"311" 1.23652956629511 0.592720887363283 0.592720887363283 0.592720887363283 0.373194395138136
"312" 0.754835882114169 0.541918851455125 0.541918851455125 0.541918851455125 0.408522776785049
"313" 0.380355039888077 1.04382889461733 1.04382889461733 1.04382889461733 1.35557319247783
"314" 0.380742492585237 0.340855902191279 0.340855902191279 0.340855902191279 0.189566022987347
"315" 0.120459843286136 0.358404403000431 0.358404403000431 0.358404403000431 0.333794337598992
"316" 0.165801033848255 0.706449073380765 0.706449073380765 0.706449073380765 1.1569890152409
"317" 0.161721175753024 0.440643623509981 0.440643623509981 0.440643623509981 0.526655580425693
"318" 0.381677534246316 1.06091897223096 1.06091897223096 1.06091897223096 0.60701085603867
"319" 0.315426933294444 0.777063366550724 0.777063366550724 0.777063366550724 0.223356002802061
"320" 1.04506536722204 0.233866214302645 0.233866214302645 0.233866214302645 1.12392430168411
"321" 0.167390756112608 0.0843862604726639 0.0843862604726639 0.0843862604726639 0.278504145049382
"322" 1.10718055002393 0.897973487494743 0.897973487494743 0.897973487494743 0.739661938356949
"323" 0.3689807628534 0.796352185832376 0.796352185832376 0.796352185832376 0.655793562323927
"324" 0.126763749872793 0.856280433808956 0.856280433808956 0.856280433808956 0.376128279976971
"325" 0.305953350378169 0.261644909486305 0.261644909486305 0.261644909486305 0.377120062330943
"326" 0.335824419579523 0.44432906127892 0.44432906127892 0.44432906127892 1.37677898117244
"327" 0.403493931672669 0.104350184332522 0.104350184332522 0.104350184332522 0.280656344143222
"328" 0.156372587604774 0.0057631625684097 0.0057631625684097 0.0057631625684097 0.0124061836683073
"329" 0.715788063901566 0.0303900359614342 0.0303900359614342 0.0303900359614342 0.133304781526874
"330" 1.25540590599016 0.369806140077854 0.369806140077854 0.369806140077854 0.196139352171478
"331" 0.844296083787507 0.20378214821214 0.20378214821214 0.20378214821214 0.360371551554578
"332" 1.15660343058314 0.657613904285402 0.657613904285402 0.657613904285402 1.07773632808005
"333" 1.34948488716696 0.590646135879637 0.0986828798609262 0.0986828798609262 0.849268960078883
"334" 0.164182812188737 0.280708852076506 0.280708852076506 0.280708852076506 0.742901627751888
"335" 0.457540319996612 0.0972684143745482 0.0972684143745482 0.0972684143745482 0.0872260026121971
"336" 0.356547968114398 0.358124475905442 0.358124475905442 0.358124475905442 0.0472518694442
"337" 0.343445933818196 1.33407677389019 1.33407677389019 1.33407677389019 1.37316712842728
"338" 0.0218778028362609 0.685766539559431 0.685766539559431 0.685766539559431 0.836743092789802
"339" 1.28009112502198 0.0916494771720618 0.0916494771720618 0.0916494771720618 0.479806051234654
"340" 0.384086976445312 0.330091538128672 0.330091538128672 0.330091538128672 1.1532488584026
"341" 1.35698194084651 0.597808428534398 1.05885331696051 1.05885331696051 0.597810167138149
"342" 0.23753071874052 0.931402361816836 0.931402361816836 0.931402361816836 0.775245391559863
"343" 0.513885635548257 0.797193751916316 0.797193751916316 0.797193751916316 1.23018062578309
"344" 1.42719723602242 0.578206239267074 0.578206239267074 0.872063289349078 1.052411794681
"345" 0.338562890637439 0.158007417076549 0.158007417076549 0.158007417076549 0.510180193425428
"346" 0.275969658777976 1.05449374783405 1.05449374783405 1.05449374783405 0.667036792650065
"347" 0.0269359695876418 0.235926776953887 0.235926776953887 0.235926776953887 0.961715041130919
"348" 0.731081209787496 0.335401001010877 0.335401001010877 0.335401001010877 1.3213320904611
"349" 1.25678359413918 0.307586039795109 0.307586039795109 0.307586039795109 0.0350333560787733
"350" 0.035576465748245 0.237558373069783 0.237558373069783 0.237558373069783 0.880340318036707
"351" 0.169903629994125 0.592565669304225 0.592565669304225 0.592565669304225 0.759161890119876
"352" 0.861836375440851 1.16294462696136 1.16294462696136 1.16294462696136 0.660691831862963
"353" 0.106945843288571 0.332154832456588 0.332154832456588 0.332154832456588 1.47760768425931
"354" 0.800087352064537 0.777386988734793 0.777386988734793 0.777386988734793 0.680861832879113
"355" 1.49594097936496 0.612512106451467 0.612512106451467 0.612512106451467 0.712468231568257
"356" 1.32162176238054 0.78455236264433 0.78455236264433 0.78455236264433 0.832712338813103
"357" 0.617314844849884 0.35525058518375 0.35525058518375 0.35525058518375 0.606259442463387
"358" 0.839611035696041 0.654395415977364 0.654395415977364 0.654395415977364 0.592238078078431
"359" 0.475022765728311 0.0118634358782224 0.0118634358782224 0.0118634358782224 0.0273331909456914
"360" 0.908208774259953 0.413812010428964 0.413812010428964 0.413812010428964 0.945240991934805
"361" 0.00244660534534495 0.444196730335225 0.444196730335225 0.444196730335225 0.151493921083231
"362" 0.568185999772659 0.751186041707457 0.751186041707457 0.751186041707457 0.140145503237664
"363" 0.442479443511286 0.0251868181629104 0.0251868181629104 0.0251868181629104 0.467192822462896
"364" 0.295910166477973 0.0944024835195648 0.0944024835195648 0.0944024835195648 0.208778994809446
"365" 1.04712809040102 1.02599914731425 1.02599914731425 1.02599914731425 0.309454416793734
"366" 1.42523036186254 0.667132047317119 0.667132047317119 0.128031132570105 0.814773271213059
"367" 0.719766637983528 0.194315189462483 0.194315189462483 0.194315189462483 1.12865238049271
"368" 0.200229670636878 0.14883495927075 0.14883495927075 0.14883495927075 0.219812155905157
"369" 1.0117341936745 0.108517684070902 0.108517684070902 0.108517684070902 0.956447767330444
"370" 0.827789677853569 0.758562351338723 0.758562351338723 0.758562351338723 0.586930628214064
"371" 1.42089584820286 0.622751636801323 0.622751636801323 0.242407045555983 0.531191064485642
"372" 0.23061932055749 1.37682074853721 1.37682074853721 1.37682074853721 0.940302301172548
"373" 1.14799830542373 0.820913845726916 0.820913845726916 0.820913845726916 1.27350861971
"374" 0.476466732966102 1.1908145966561 1.1908145966561 1.1908145966561 0.659651669177116
"375" 0.270902438560382 0.0216114115268539 0.0216114115268539 0.0216114115268539 0.696624939892495
"376" 0.366637177262227 1.47920280705053 1.47920280705053 1.47920280705053 0.411685768063991
"377" 0.891374055614138 0.627851820257763 0.627851820257763 0.627851820257763 0.409057537355538
"378" 0.0815460725011967 0.597157614789779 0.597157614789779 0.597157614789779 1.41689765008361
"379" 0.396517708506299 0.137590913275161 0.137590913275161 0.137590913275161 0.273238378878925
"380" 0.715387075224128 0.645335994466436 0.645335994466436 0.645335994466436 0.438753042437245
"381" 0.260562187451421 0.487428824837347 0.487428824837347 0.487428824837347 0.796172056552246
"382" 0.174382791268299 1.09037616252992 1.09037616252992 1.09037616252992 0.994429061584501
"383" 0.0016691078426248 0.876527965187705 0.876527965187705 0.876527965187705 0.272172217632993
"384" 0.0874984677889887 1.24582194758938 1.24582194758938 1.24582194758938 0.748154532477541
"385" 0.182630055035322 0.81165696309986 0.81165696309986 0.81165696309986 0.93981133865695
"386" 0.0937168076348398 0.0317981583705628 0.0317981583705628 0.0317981583705628 1.103323900265
"387" 0.763212278687028 1.29195439446738 1.29195439446738 1.29195439446738 0.654538201505384
"388" 0.162692316922824 0.144350653319231 0.144350653319231 0.144350653319231 0.158364999869616
"389" 1.44883429854307 0.656426818186851 0.656426818186851 0.656426818186851 1.21409235532006
"390" 1.33076596162732 0.47451757423403 0.47451757423403 0.47451757423403 0.0252511633951971
"391" 0.770819644601937 0.207870062427033 0.207870062427033 0.207870062427033 0.946577441254991
"392" 0.855195010857073 0.738029426381118 0.738029426381118 0.738029426381118 1.08992291745559
"393" 0.841672194612945 1.44700510716336 1.44700510716336 1.44700510716336 0.976830662729205
"394" 0.707213749692547 0.165397133949257 0.165397133949257 0.165397133949257 0.13984958056432
"395" 0.139001454950576 0.350794792893735 0.350794792893735 0.350794792893735 0.294827039635656
"396" 1.26298481295214 0.363903365030204 0.363903365030204 0.363903365030204 0.168277257428687
"397" 0.577365214435209 0.951882788601055 0.951882788601055 0.951882788601055 0.293619004164968
"398" 0.539203284852216 0.0917024130111566 0.0917024130111566 0.0917024130111566 0.350528060083863
"399" 0.0147473484321916 1.0221955932096 1.0221955932096 1.0221955932096 0.498499206853412
"400" 0.334976104455186 0.907794363532496 0.907794363532496 0.907794363532496 0.103018441606755
"401" 0.761684996750838 0.743821268764965 0.743821268764965 0.743821268764965 0.060428028059712
"402" 0.391068670191635 0.617929662993899 0.617929662993899 0.617929662993899 0.45971246071388
"403" 0.887001040386913 1.26243921287996 1.26243921287996 1.26243921287996 0.230107289299697
"404" 0.92304256120274 0.975132469917188 0.975132469917188 0.975132469917188 0.197548498386859
"405" 0.589873261693909 0.391756765211484 0.391756765211484 0.391756765211484 0.622072545042679
"406" 0.158520347182539 1.00982503807184 1.00982503807184 1.00982503807184 0.131778060953536
"407" 0.889340836059942 0.0885533568435163 0.0885533568435163 0.0885533568435163 1.09143703737762
"408" 0.0747264552052192 0.368070683607896 0.368070683607896 0.368070683607896 0.203917919205197
"409" 0.660663666965758 0.327185525071458 0.327185525071458 0.327185525071458 0.965617638977291
"410" 0.390247124759821 0.0279690178395407 0.0279690178395407 0.0279690178395407 0.0629111411157994
"411" 0.924443565203181 0.257393682678345 0.257393682678345 0.257393682678345 0.546423029290306
"412" 0.987672973626713 0.235966621653501 0.235966621653501 0.235966621653501 0.814123776689812
"413" 1.3921649087098 0.617694920828204 0.670008622451273 0.670008622451273 0.0321929118768506
"414" 0.183596838639212 0.762023715339685 0.762023715339685 0.762023715339685 0.0200886482826478
"415" 1.11948789730124 0.146426290138327 0.146426290138327 0.146426290138327 0.856519576082671
"416" 0.391401035362153 1.48925633114755 1.48925633114755 1.48925633114755 0.912063633242127
"417" 0.508422740362132 0.877573842482943 0.877573842482943 0.877573842482943 0.542114795841551
"418" 0.921367175418556 0.0263311997532189 0.0263311997532189 0.0263311997532189 0.358865190829263
"419" 0.108664753116867 0.0997776119018792 0.0997776119018792 0.0997776119018792 0.453620891479429
"420" 0.385660457269168 0.215736752761142 0.215736752761142 0.215736752761142 0.0999927874495186
"421" 0.722215175393615 1.37086444558714 1.37086444558714 1.37086444558714 1.05582915339182
"422" 1.22139065141656 0.86984566522201 0.86984566522201 0.86984566522201 0.232830448435537
"423" 0.311462823829183 1.27192295318813 1.27192295318813 1.27192295318813 0.164365522797968
"424" 0.0852966615410842 0.726038947647709 0.726038947647709 0.726038947647709 0.217195666506021
"425" 1.28848340907688 0.292859630907016 0.292859630907016 0.292859630907016 0.359974122561502
"426" 0.168799942781282 0.800797268589479 0.800797268589479 0.800797268589479 1.06527545836228
"427" 0.0428711694145065 0.565112729840836 0.565112729840836 0.565112729840836 1.43463022005463
"428" 0.401705650995416 0.3759765295662 0.3759765295662 0.3759765295662 0.271770051902873
"429" 0.305439139126741 0.32195614800063 0.32195614800063 0.32195614800063 0.235821881582483
"430" 0.240933788227306 0.55972794666801 0.55972794666801 0.55972794666801 0.661535014704997
"431" 0.724525967986881 0.0925838907739907 0.0925838907739907 0.0925838907739907 0.662912197160557
"432" 0.939009958386759 0.986403180995017 0.986403180995017 0.986403180995017 0.0443090446265294
"433" 0.417923830936311 0.00302772736690312 0.00302772736690312 0.00302772736690312 0.865433639068823
"434" 1.28280158309592 0.146765278105824 0.146765278105824 0.146765278105824 0.276387362910932
"435" 0.237584278852445 0.479098135291675 0.479098135291675 0.479098135291675 0.0335875324214879
"436" 0.717398432302019 0.167405276473045 0.167405276473045 0.167405276473045 0.581105458870069
"437" 0.350175089509701 0.474467724097877 0.474467724097877 0.474467724097877 0.0128192052052432
"438" 1.29710060657752 1.38321506954207 1.38321506954207 1.38321506954207 1.14078936015638
"439" 0.847204340503812 1.33874713490486 1.33874713490486 1.33874713490486 0.527270191256896
"440" 0.613270904011303 0.0255850394120491 0.0255850394120491 0.0255850394120491 0.0888676535752825
"441" 1.00206348805953 0.0180266003408473 0.0180266003408473 0.0180266003408473 0.98652896131998
"442" 1.15682464199621 0.300021788689526 0.300021788689526 0.300021788689526 0.990334845164866
"443" 0.865385829428498 0.219738420382602 0.219738420382602 0.219738420382602 0.00858963791407052
"444" 0.494012312099297 1.30818779226443 1.30818779226443 1.30818779226443 0.756978794674685
"445" 1.46074631178265 0.622539038882159 0.622539038882159 0.622539038882159 0.418643692866773
"446" 0.564527081688267 0.263092990159627 0.263092990159627 0.263092990159627 1.20925198042571
"447" 1.1501597904982 0.678283047802685 0.678283047802685 0.678283047802685 0.365462919274367
"448" 0.672892204373212 0.310227013085516 0.310227013085516 0.310227013085516 0.00331050064853654
"449" 0.647005572297315 0.555259363724846 0.555259363724846 0.555259363724846 1.37999762764435
"450" 0.0264569707026831 0.229524106731984 0.229524106731984 0.229524106731984 1.39103689722015
"451" 0.220483692934054 0.232838189195806 0.232838189195806 0.232838189195806 0.872521464607797
"452" 0.923382716506173 0.768576985677201 0.768576985677201 0.768576985677201 0.372194886475319
"453" 1.49390823116198 0.617639473699683 0.617639473699683 0.617639473699683 0.391617710125175
"454" 1.36997634257847 0.626806666592969 0.725658134897077 0.725658134897077 1.01906006375344
"455" 0.875566215276323 0.379788857669452 0.379788857669452 0.379788857669452 0.497926675425958
"456" 0.752181783920164 0.432780115010499 0.432780115010499 0.432780115010499 0.778489474335378
"457" 0.212944043618001 0.550928747376608 0.550928747376608 0.550928747376608 1.30311242427599
"458" 0.637183725630244 0.0931646470824507 0.0931646470824507 0.0931646470824507 0.221715198714984
"459" 0.59041086060383 0.246936909505167 0.246936909505167 0.246936909505167 0.531650726115155
"460" 0.0392906555694215 0.22225060469503 0.22225060469503 0.22225060469503 0.0740729777730285
"461" 0.3419731558313 1.15753065415569 1.15753065415569 1.15753065415569 0.532253331499554
"462" 1.18783148175082 1.05644860624725 1.05644860624725 1.05644860624725 1.26638014983762
"463" 0.362916745357022 1.09226661998347 1.09226661998347 1.09226661998347 0.185474535769139
"464" 0.513494498001612 1.15972902373148 1.15972902373148 1.15972902373148 1.10549143331261
"465" 0.146379062967997 1.2256935889174 1.2256935889174 1.2256935889174 0.579494331498755
"466" 0.162082995856036 0.295510439821271 0.295510439821271 0.295510439821271 0.369313106614871
"467" 0.552630953866026 0.324547366445452 0.324547366445452 0.324547366445452 0.63433363495435
"468" 0.364424498716583 0.542410470022557 0.542410470022557 0.542410470022557 0.345871606979638
"469" 0.664942846965762 0.350336526612783 0.350336526612783 0.350336526612783 0.999578390222715
"470" 0.587938210500394 0.206965036217423 0.206965036217423 0.206965036217423 0.257567430094764
"471" 0.115683295782474 0.331360650085502 0.331360650085502 0.331360650085502 0.285744867408798
"472" 0.254539325266065 0.625838789695578 0.625838789695578 0.625838789695578 0.391489580852045
"473" 0.000475678469862847 1.24157161771172 1.24157161771172 1.24157161771172 0.923221960243879
"474" 1.35554503657854 0.639329605565325 1.11885754036823 1.11885754036823 0.688347765673783
"475" 0.371483398301988 0.352278782173562 0.352278782173562 0.352278782173562 0.226137822657168
"476" 1.42313857481593 0.613584119375039 0.613584119375039 0.125091535674013 0.278278306557268
"477" 0.506803622702233 0.542396456737048 0.542396456737048 0.542396456737048 0.846098575208031
"478" 0.450865438753327 0.0804621801918824 0.0804621801918824 0.0804621801918824 0.922779680563258
"479" 0.826280855820273 0.700726497985914 0.700726497985914 0.700726497985914 0.624769486994842
"480" 0.116952621256444 0.723044480483381 0.723044480483381 0.723044480483381 0.0949575142416692
"481" 0.522142393453485 0.876037563791754 0.876037563791754 0.876037563791754 0.208200595622751
"482" 0.571592184772821 0.980391868546617 0.980391868546617 0.980391868546617 0.229870128636463
"483" 0.719491997333478 0.365940669443218 0.365940669443218 0.365940669443218 0.250488218767949
"484" 0.341366991093703 0.648741154821661 0.648741154821661 0.648741154821661 0.535648263597201
"485" 0.111794924514699 1.46749651967057 1.46749651967057 1.46749651967057 0.368653926330406
"486" 0.0591088757428102 0.728747044503755 0.728747044503755 0.728747044503755 0.693974708251785
"487" 0.895498019856365 0.14777833215707 0.14777833215707 0.14777833215707 0.118365527474025
"488" 0.789614406756335 0.156137310997684 0.156137310997684 0.156137310997684 1.1177200509444
"489" 0.900041443790073 0.0615620346259734 0.0615620346259734 0.0615620346259734 0.439327844053069
"490" 0.13012266064703 0.996334890884156 0.996334890884156 0.996334890884156 1.200022614414
"491" 0.626634512726011 0.513398462104935 0.513398462104935 0.513398462104935 0.930662916510125
"492" 0.898984383543411 0.101372554041686 0.101372554041686 0.101372554041686 1.00395779152241
"493" 1.23447524572887 1.37397272951821 1.37397272951821 1.37397272951821 1.48959718875291
"494" 0.273505842623409 0.477964696692377 0.477964696692377 0.477964696692377 0.612853921306421
"495" 0.714278198961386 0.518817560981013 0.518817560981013 0.518817560981013 0.450125473612011
"496" 0.304394589187062 0.580921042370866 0.580921042370866 0.580921042370866 0.297239899867178
"497" 0.633791876820746 0.548828295930766 0.548828295930766 0.548828295930766 0.796199052501163
"498" 0.0674463415474199 0.353594708870057 0.353594708870057 0.353594708870057 0.887666822404216
"499" 0.635868589609592 0.983892502757349 0.983892502757349 0.983892502757349 0.919993901054912
"500" 0.621655334347178 1.06826287159647 1.06826287159647 1.06826287159647 1.12966138544785
"501" 0.73326757210764 0.442871903682033 0.442871903682033 0.442871903682033 0.17749965917115
"502" 0.97367193338213 0.681030473134313 0.681030473134313 0.681030473134313 0.904528600441354
"503" 1.09236547081828 0.54561669890731 0.54561669890731 0.54561669890731 1.06081300757341
"504" 0.0397311146531691 1.02073338201153 1.02073338201153 1.02073338201153 1.29351298880117
"505" 0.742227136498507 1.1671561861463 1.1671561861463 1.1671561861463 0.744497729109156
"506" 1.07045930275358 0.897005928900982 0.897005928900982 0.897005928900982 1.10051094963448
"507" 0.867153821830027 0.540334714179663 0.540334714179663 0.540334714179663 0.060650852440319
"508" 1.03412754740361 1.12271712917392 1.12271712917392 1.12271712917392 0.680623550509095
"509" 0.104651600712927 0.193034550617626 0.193034550617626 0.193034550617626 0.366962668317335
"510" 0.959508550105926 0.67736965857028 0.67736965857028 0.67736965857028 0.869613750619967
"511" 0.32321505336137 0.708715226946281 0.708715226946281 0.708715226946281 0.854458092928203
"512" 1.33383875572671 0.719752714353895 0.719752714353895 0.719752714353895 0.340766039124196
"513" 1.28233723334485 0.112985818310617 0.112985818310617 0.112985818310617 0.305721154732501
"514" 0.616653474471072 0.841289758472989 0.841289758472989 0.841289758472989 0.739569472345165
"515" 0.0897492976497723 0.0578726006967041 0.0578726006967041 0.0578726006967041 0.288828542063812
"516" 0.93888950748173 0.250955206804646 0.250955206804646 0.250955206804646 0.7581460932769
"517" 0.630243917645864 0.431549975610187 0.431549975610187 0.431549975610187 0.181855717177897
"518" 0.0710425433440334 0.445357856393346 0.445357856393346 0.445357856393346 0.21253853233099
"519" 0.714589919376028 0.111197177061517 0.111197177061517 0.111197177061517 0.100710425796454
"520" 0.298384020339724 0.11153512744951 0.11153512744951 0.11153512744951 0.941976856255253
"521" 1.04700281568047 0.818357428257179 0.818357428257179 0.818357428257179 0.895329912467022
"522" 0.213796898023314 0.215742610187277 0.215742610187277 0.215742610187277 0.165372205354864
"523" 0.331930516730893 0.420155609264353 0.420155609264353 0.420155609264353 1.19489382429597
"524" 1.26702491418909 0.106436781244232 0.106436781244232 0.106436781244232 0.620919070026545
"525" 0.575171647223913 0.189058644435811 0.189058644435811 0.189058644435811 0.421929483564959
"526" 0.98571948703269 1.21152818136111 1.21152818136111 1.21152818136111 0.26425486093904
"527" 0.0307093050860123 1.33269732050137 1.33269732050137 1.33269732050137 0.268662136330731
"528" 0.0314279046883553 0.381822989906576 0.381822989906576 0.381822989906576 0.590064116689483
"529" 0.67610041578568 0.437621599884198 0.437621599884198 0.437621599884198 1.28455285148602
"530" 0.205474697745096 0.0303527891379886 0.0303527891379886 0.0303527891379886 0.991322895782038
"531" 0.218378743612605 1.26096279049255 1.26096279049255 1.26096279049255 0.412890843214096
"532" 0.664077692813403 0.187545420734245 0.187545420734245 0.187545420734245 0.323765119515715
"533" 0.378581975681283 0.435962435649639 0.435962435649639 0.435962435649639 0.513091424933104
"534" 0.968399222862736 0.716323670158734 0.716323670158734 0.716323670158734 0.706718941641817
"535" 0.0956890095123807 0.339953679414905 0.339953679414905 0.339953679414905 0.760394621933011
"536" 1.48102246313326 0.561795849716484 0.561795849716484 0.561795849716484 1.02028395652705
"537" 0.702903738443333 0.696242128478367 0.696242128478367 0.696242128478367 0.0969823195666029
"538" 0.711971978924196 0.202794465316015 0.202794465316015 0.202794465316015 1.24172307744043
"539" 0.86915521091189 1.07631211702261 1.07631211702261 1.07631211702261 0.219303684434962
"540" 0.510031519572826 0.327243349350453 0.327243349350453 0.327243349350453 0.379074174172166
"541" 0.350220102306017 1.48820679754446 1.48820679754446 1.48820679754446 0.228386587098319
"542" 0.644179809425633 0.33916959803703 0.33916959803703 0.33916959803703 0.285833111251174
"543" 1.38812208935991 0.595792116735162 0.124203744635448 0.124203744635448 0.207637392788903
"544" 0.183555223269961 0.54662351963424 0.54662351963424 0.54662351963424 0.540472284768428
"545" 0.871510496078018 0.403321000983331 0.403321000983331 0.403321000983331 0.815940546838889
"546" 0.409321921289397 0.197922541910819 0.197922541910819 0.197922541910819 0.541065695589411
"547" 1.0320142795106 1.10161741060684 1.10161741060684 1.10161741060684 0.0135285765957946
"548" 1.15912885436003 0.0100555582297263 0.0100555582297263 0.0100555582297263 0.661557752671975
"549" 1.43199590984986 0.625775200331589 0.625775200331589 0.677841225030297 0.63184424137291
"550" 1.23807988763774 0.3406377060916 0.3406377060916 0.3406377060916 0.900679554659122
"551" 0.223185500072272 0.401537950046896 0.401537950046896 0.401537950046896 1.137077249869
"552" 0.190664103825875 0.756283388741899 0.756283388741899 0.756283388741899 0.42236975161453
"553" 0.952485086904259 0.0777685284524774 0.0777685284524774 0.0777685284524774 0.499258927115783
"554" 0.137260827193366 0.882507793401098 0.882507793401098 0.882507793401098 1.17787388624576
"555" 1.05290074066834 0.361222710049894 0.361222710049894 0.361222710049894 0.347235473942465
"556" 1.40672434253627 0.565489190876222 0.565489190876222 0.590978710043611 0.223492568231302
"557" 0.488611595647139 0.402717284212985 0.402717284212985 0.402717284212985 0.141182319057886
"558" 0.0314139647161159 0.0264066930369635 0.0264066930369635 0.0264066930369635 0.0694933437655238
"559" 0.664881066859541 0.451171123915888 0.451171123915888 0.451171123915888 0.754718541922303
"560" 1.03592420029256 0.210399418471515 0.210399418471515 0.210399418471515 0.326644758847925
"561" 0.129021961813054 1.32931883274424 1.32931883274424 1.32931883274424 0.051840779827612
"562" 1.46646127167738 0.623479473638633 0.623479473638633 0.623479473638633 0.0541915805989469
"563" 0.75280579239494 0.287949356535953 0.287949356535953 0.287949356535953 0.578251532231365
"564" 1.11400336715406 0.00456928179529326 0.00456928179529326 0.00456928179529326 0.754784490652816
"565" 0.207933509425229 0.0457042449731282 0.0457042449731282 0.0457042449731282 0.161451388177927
"566" 1.10900112167699 0.0545253258901206 0.0545253258901206 0.0545253258901206 0.231128324218327
"567" 0.9554168911209 0.768301593909347 0.768301593909347 0.768301593909347 1.32320690372595
"568" 0.645684837271967 0.0678442836680454 0.0678442836680454 0.0678442836680454 0.516983053800844
"569" 0.176765013160792 0.436661474893391 0.436661474893391 0.436661474893391 0.857320005826967
"570" 0.0472546081006869 0.270225457992655 0.270225457992655 0.270225457992655 0.188887193519942
"571" 0.665078715573011 0.393843838444982 0.393843838444982 0.393843838444982 0.686926764321392
"572" 0.979630053498641 0.493416062493386 0.493416062493386 0.493416062493386 0.666616926534123
"573" 0.167602582713277 0.850781611814001 0.850781611814001 0.850781611814001 0.544923489892875
"574" 0.727994361627011 0.0422796457721984 0.0422796457721984 0.0422796457721984 0.207199995863965
"575" 0.375459304790287 0.00141993384464309 0.00141993384464309 0.00141993384464309 0.215703391738834
"576" 0.357560536557641 0.455960836104997 0.455960836104997 0.455960836104997 0.451575800622649
"577" 0.0479196629615974 0.255175541738076 0.255175541738076 0.255175541738076 1.04496161121632
"578" 0.395271999161388 0.0479441674460626 0.0479441674460626 0.0479441674460626 0.200557608504126
"579" 0.558845042704086 0.417126079957123 0.417126079957123 0.417126079957123 0.921755883184119
"580" 1.00507990525032 0.543002770364231 0.543002770364231 0.543002770364231 0.519572762598622
"581" 1.05227970321056 0.832819099693467 0.832819099693467 0.832819099693467 0.300627741695751
"582" 0.00944306637969947 1.07668836142282 1.07668836142282 1.07668836142282 0.928274866510669
"583" 0.5886284007248 0.368821676207294 0.368821676207294 0.368821676207294 0.204092311348779
"584" 0.267011440618767 0.796810918814111 0.796810918814111 0.796810918814111 0.303260764988804
"585" 0.0305090208143276 0.130440213951334 0.130440213951334 0.130440213951334 0.400155862511132
"586" 0.326253866148485 1.09335454126098 1.09335454126098 1.09335454126098 0.781645088224275
"587" 0.232911543099301 0.695723246999633 0.695723246999633 0.695723246999633 0.711593679948033
"588" 1.41341755368529 0.600512857698371 0.600512857698371 0.522432089206158 0.823066359883117
"589" 1.34290793991154 0.594645185167304 0.501637007318184 0.501637007318184 0.136352879878684
"590" 0.651235688168523 0.327734983739743 0.327734983739743 0.327734983739743 0.0401457258896442
"591" 1.3845070451862 0.580364263493167 0.549256519595597 0.549256519595597 0.588897116311315
"592" 1.14607671416074 0.189577396563607 0.189577396563607 0.189577396563607 0.0928703124942662
"593" 0.0978516814005922 1.14178840564581 1.14178840564581 1.14178840564581 0.0123232298478135
"594" 0.622157172834294 0.0847313996976449 0.0847313996976449 0.0847313996976449 0.925881787095453
"595" 0.324734139500824 0.259120846654013 0.259120846654013 0.259120846654013 0.232127379547676
"596" 0.742965645812209 0.89314100343522 0.89314100343522 0.89314100343522 0.751693491234376
"597" 0.68476385932846 0.0857643520485244 0.0857643520485244 0.0857643520485244 0.189308685828042
"598" 0.779522329980467 0.775400044123523 0.775400044123523 0.775400044123523 1.41411678398947
"599" 0.664940547569472 0.0810983612209061 0.0810983612209061 0.0810983612209061 0.749355940036271
"600" 0.0997658115631077 1.3317777395077 1.3317777395077 1.3317777395077 0.934514580843163
"601" 0.246256776390395 0.126481365827274 0.126481365827274 0.126481365827274 0.783589272292806
"602" 0.145397545689373 0.372552987176356 0.372552987176356 0.372552987176356 0.00811772087396447
"603" 0.14184267159911 0.0663388968082679 0.0663388968082679 0.0663388968082679 0.496709416420424
"604" 0.571760765434356 0.715244244643423 0.715244244643423 0.715244244643423 0.839185838409912
"605" 0.405148528495628 0.467105696770246 0.467105696770246 0.467105696770246 0.295975836723988
"606" 0.360034095456566 0.0129140856996349 0.0129140856996349 0.0129140856996349 1.01451300640567
"607" 1.06551625139859 1.3847847963791 1.3847847963791 1.3847847963791 1.16282655146134
"608" 0.176979692576866 0.144298590798431 0.144298590798431 0.144298590798431 1.0935614567481
"609" 0.503778425230707 0.442614113769374 0.442614113769374 0.442614113769374 0.434037301281497
"610" 0.366489597542561 0.572312356190948 0.572312356190948 0.572312356190948 0.454798798646286
"611" 0.223839753299369 0.93424200838753 0.93424200838753 0.93424200838753 0.511282826289463
"612" 0.97762512260186 0.175767061264893 0.175767061264893 0.175767061264893 0.13614549820085
"613" 0.272463049954759 0.11088250287964 0.11088250287964 0.11088250287964 1.16056098486841
"614" 0.0626172786225096 0.247352555435571 0.247352555435571 0.247352555435571 0.169452670618913
"615" 1.33000418461344 0.386103337434836 0.386103337434836 0.386103337434836 0.679187981722004
"616" 0.34838953774715 0.177413496595794 0.177413496595794 0.177413496595794 0.0349803636423633
"617" 0.29354940010529 0.809558790955081 0.809558790955081 0.809558790955081 0.3400394572049
"618" 0.726670739943424 0.588349629219069 0.588349629219069 0.588349629219069 0.633181018046533
"619" 0.926031134414555 0.329464054351695 0.329464054351695 0.329464054351695 1.34732649970302
"620" 0.471764356736414 0.553002763607617 0.553002763607617 0.553002763607617 0.182621518490126
"621" 1.28036042467411 0.938918756660334 0.938918756660334 0.938918756660334 0.149995621886492
"622" 0.0395273762955522 0.813870722204161 0.813870722204161 0.813870722204161 1.11939832860459
"623" 0.737219123346203 0.885394417662596 0.885394417662596 0.885394417662596 0.448251617707029
"624" 1.02531160509957 1.18237391801066 1.18237391801066 1.18237391801066 0.193959351443885
"625" 0.303141325358417 0.228998484544779 0.228998484544779 0.228998484544779 1.21852713011389
"626" 1.28616039056105 0.446192303926752 0.446192303926752 0.446192303926752 1.40727140141304
"627" 0.471670085525881 0.187493303281734 0.187493303281734 0.187493303281734 1.36429586844326
"628" 1.32785708582708 0.116045473798357 0.116045473798357 0.116045473798357 0.554231546637486
"629" 0.276820028563565 1.46849988247265 1.46849988247265 1.46849988247265 1.44814639186964
"630" 0.626209035406808 0.694485729730037 0.694485729730037 0.694485729730037 0.315747852697866
"631" 1.17631782003849 0.399173253098973 0.399173253098973 0.399173253098973 0.34556957159963
"632" 0.63836059594487 0.988927936958965 0.988927936958965 0.988927936958965 0.395283132942053
"633" 0.418940318580343 0.495094032808844 0.495094032808844 0.495094032808844 0.247889259915448
"634" 0.571094927333584 0.491020558901968 0.491020558901968 0.491020558901968 0.0530605086535631
"635" 1.3086398287503 0.464479797578896 0.464479797578896 0.464479797578896 0.0640067425407284
"636" 1.04499634193363 1.11366890980575 1.11366890980575 1.11366890980575 0.409811312297675
"637" 0.252455558624662 0.250215365836289 0.250215365836289 0.250215365836289 1.46017622539443
"638" 1.06518636714719 0.483398105743511 0.483398105743511 0.483398105743511 0.0918749535931865
"639" 0.224440450379629 0.147899580940001 0.147899580940001 0.147899580940001 0.187800052166578
"640" 0.306010791789128 1.11479131617786 1.11479131617786 1.11479131617786 0.187722985895402
"641" 0.566768883283545 0.104766833052425 0.104766833052425 0.104766833052425 0.700219898766943
"642" 0.157771669575901 0.0974592686894333 0.0974592686894333 0.0974592686894333 0.503593009109374
"643" 0.504066652528826 1.0126560938804 1.0126560938804 1.0126560938804 0.83272787512776
"644" 1.27373480361898 0.176730357396248 0.176730357396248 0.176730357396248 0.281633289273085
"645" 0.272435342519592 0.134552076031768 0.134552076031768 0.134552076031768 1.07083367513753
"646" 0.324053674786837 1.11028711208077 1.11028711208077 1.11028711208077 0.499584555197481
"647" 0.0452055206648718 0.869691381131011 0.869691381131011 0.869691381131011 0.755619870309714
"648" 1.16257902008086 1.3109956432618 1.3109956432618 1.3109956432618 1.32310224753008
"649" 0.507085772001442 1.25490150419475 1.25490150419475 1.25490150419475 0.0112576387719716
"650" 0.981246362654865 0.13237690558383 0.13237690558383 0.13237690558383 0.518880756288034
"651" 0.203312122510789 1.14238922432184 1.14238922432184 1.14238922432184 1.02342407634811
"652" 0.762672319234151 0.81097494806182 0.81097494806182 0.81097494806182 0.294173564756395
"653" 1.10413900385048 0.42398951567939 0.42398951567939 0.42398951567939 0.755910104177136
"654" 0.430337228252267 0.295434331224017 0.295434331224017 0.295434331224017 0.653741419456084
"655" 0.141977234950033 0.260127085931438 0.260127085931438 0.260127085931438 0.706012787035942
"656" 0.502842295947754 0.452133138149135 0.452133138149135 0.452133138149135 1.35814522923105
"657" 1.12667792342017 0.11542040625902 0.11542040625902 0.11542040625902 0.200170469340734
"658" 0.0262155541154614 1.35381645191242 1.35381645191242 1.35381645191242 0.295878291253242
"659" 0.223835104647281 0.482371562333961 0.482371562333961 0.482371562333961 1.05288727970205
"660" 1.30193140633895 1.31479669421897 1.31479669421897 1.31479669421897 0.119538450167351
"661" 0.649710779972077 0.381240131054744 0.381240131054744 0.381240131054744 1.26186888108255
"662" 1.33808594355262 0.187955028286098 0.187955028286098 0.187955028286098 0.0698923943713144
"663" 1.00405901601327 0.573903697710033 0.573903697710033 0.573903697710033 0.7613921212981
"664" 0.0390648796098535 0.417926854510148 0.417926854510148 0.417926854510148 1.39327531550423
"665" 0.267345662858627 0.238285378469851 0.238285378469851 0.238285378469851 0.682230807986777
"666" 0.507149820923856 0.517963912610637 0.517963912610637 0.517963912610637 0.395542940326112
"667" 0.802644561934841 0.846907205226031 0.846907205226031 0.846907205226031 0.982133491320944
"668" 0.249921915629033 0.126340933219529 0.126340933219529 0.126340933219529 0.226006645588635
"669" 0.448171216123036 0.897262264026127 0.897262264026127 0.897262264026127 0.714361424231775
"670" 0.836187181271489 0.115381543417188 0.115381543417188 0.115381543417188 0.602510177678587
"671" 0.104861164402506 1.10063331897704 1.10063331897704 1.10063331897704 0.69252400271181
"672" 1.2939918947064 0.394636543277846 0.394636543277846 0.394636543277846 0.0197772784004524
"673" 0.364904052648953 1.45829311742657 1.45829311742657 1.45829311742657 0.0512894911691669
"674" 0.215097280582283 0.231409888061242 0.231409888061242 0.231409888061242 1.43544306016213
"675" 1.33171682520523 0.596689384957189 0.596689384957189 0.596689384957189 1.30857770027443
"676" 1.06089600736566 0.188918760908761 0.188918760908761 0.188918760908761 0.166183057802105
"677" 0.389454578189419 0.247737751961641 0.247737751961641 0.247737751961641 0.770338862888224
"678" 1.18003405692193 0.208363988053538 0.208363988053538 0.208363988053538 0.296029156482789
"679" 0.175080577975206 0.453335346316445 0.453335346316445 0.453335346316445 0.747333311514474
"680" 1.34010077799429 0.568608592067892 0.113500611859873 0.113500611859873 0.0581634242433678
"681" 0.464737426837716 0.0410504339116057 0.0410504339116057 0.0410504339116057 1.43622434525411
"682" 0.0895646942483642 0.504300642112109 0.504300642112109 0.504300642112109 0.103071292340738
"683" 0.671240435684389 0.559645693378292 0.559645693378292 0.559645693378292 0.348946225623084
"684" 0.258781755898946 0.462191301278006 0.462191301278006 0.462191301278006 1.08737161144734
"685" 1.03572132895735 0.301626596454306 0.301626596454306 0.301626596454306 1.0340863298496
"686" 0.294085507129068 0.316714166165227 0.316714166165227 0.316714166165227 0.736430734978015
"687" 1.13549062872459 0.71517861740589 0.71517861740589 0.71517861740589 0.789811226744087
"688" 0.0217012247988408 0.226009288103425 0.226009288103425 0.226009288103425 1.16218835187464
"689" 0.543929315057543 0.365450684094798 0.365450684094798 0.365450684094798 0.444518624021827
"690" 0.465333195667682 0.698787294665491 0.698787294665491 0.698787294665491 0.785341809167979
"691" 1.14575905604525 0.067186115603102 0.067186115603102 0.067186115603102 0.422438444760763
"692" 0.475141041314325 0.0839495595649719 0.0839495595649719 0.0839495595649719 1.22775337746087
"693" 0.189638429014713 0.510443232184073 0.510443232184073 0.510443232184073 0.0964899639307026
"694" 0.503418657603367 0.819208135521223 0.819208135521223 0.819208135521223 0.044302435759401
"695" 0.00742795741236396 0.0708043091075532 0.0708043091075532 0.0708043091075532 0.797236892067057
"696" 0.0712230823426184 0.741247576367742 0.741247576367742 0.741247576367742 1.12303054361063
"697" 0.284344163825164 1.00310045690671 1.00310045690671 1.00310045690671 0.00382447932248842
"698" 0.551009130934651 0.247353835938459 0.247353835938459 0.247353835938459 0.889238352997827
"699" 0.268368731755721 0.0265076868231411 0.0265076868231411 0.0265076868231411 0.935211657552927
"700" 0.855180237338433 0.0199168674177957 0.0199168674177957 0.0199168674177957 0.483850065775035
"701" 0.00801683128232262 0.422525725501713 0.422525725501713 0.422525725501713 0.649978194581318
"702" 0.625608862940448 0.440520162043754 0.440520162043754 0.440520162043754 0.323822861116291
"703" 0.807409342070563 0.745632419308134 0.745632419308134 0.745632419308134 0.448783192054544
"704" 0.449442134211301 0.0344416974353118 0.0344416974353118 0.0344416974353118 0.264277650079427
"705" 0.18423437177156 0.0512464521712493 0.0512464521712493 0.0512464521712493 0.0569635960764687
"706" 0.0948040106657615 0.699586920775471 0.699586920775471 0.699586920775471 0.823820050403089
"707" 0.384144515461643 1.25184204287273 1.25184204287273 1.25184204287273 0.114589631426061
"708" 0.686298666173825 0.699386451035 0.699386451035 0.699386451035 0.930946999983929
"709" 0.0446781494367757 0.157872473043821 0.157872473043821 0.157872473043821 1.0911075045072
"710" 0.582513720306177 0.125273814170826 0.125273814170826 0.125273814170826 0.311411380024013
"711" 0.798544584877787 0.271762614336439 0.271762614336439 0.271762614336439 0.327299435597157
"712" 1.41908490109371 0.582333815706266 0.582333815706266 0.492456369582546 1.30610022312624
"713" 1.40287045053042 0.614619708397023 0.614619708397023 0.577734329387884 0.683013890420809
"714" 0.095221305559423 0.232830677876782 0.232830677876782 0.232830677876782 0.305224215025883
"715" 0.159660850568921 0.336720206277117 0.336720206277117 0.336720206277117 0.506155781469705
"716" 0.15690256619643 0.523659602200873 0.523659602200873 0.523659602200873 0.41494293543299
"717" 0.436373109832961 0.123997308965243 0.123997308965243 0.123997308965243 0.754503138193991
"718" 0.172454677140187 0.199999778246863 0.199999778246863 0.199999778246863 1.22227431887105
"719" 1.41441235943286 0.598205517591598 0.598205517591598 0.7171201025906 0.149736724203957
"720" 0.0803724644832876 0.0827578202011167 0.0827578202011167 0.0827578202011167 0.229867190458837
"721" 1.02377230231116 0.265410313732063 0.265410313732063 0.265410313732063 0.321090226304957
"722" 0.0817353908363752 0.264547180973815 0.264547180973815 0.264547180973815 0.0238550363739835
"723" 1.40738850406113 0.611472514107514 0.611472514107514 0.774251694441905 0.0275100369781057
"724" 0.004174902789561 0.577158392484264 0.577158392484264 0.577158392484264 0.0733483728477797
"725" 0.489084930646495 0.272338118416839 0.272338118416839 0.272338118416839 0.647511339933302
"726" 1.4512862726081 0.647645942913436 0.647645942913436 0.647645942913436 0.015425126640151
"727" 0.417680271793436 0.140944250207379 0.140944250207379 0.140944250207379 0.400501757457694
"728" 0.310512998820966 0.697395405437696 0.697395405437696 0.697395405437696 0.0643674640679651
"729" 0.270583142450458 0.444958251290547 0.444958251290547 0.444958251290547 0.500825743168189
"730" 1.45457647738046 0.599598245372281 0.599598245372281 0.599598245372281 0.537303655376215
"731" 1.26605195869888 0.859004067508955 0.859004067508955 0.859004067508955 0.85959123473683
"732" 0.00953166022323958 0.627725155970638 0.627725155970638 0.627725155970638 0.687029775321513
"733" 0.0802388386320791 0.621400142849016 0.621400142849016 0.621400142849016 0.659848694549033
"734" 0.545381145136377 1.24738267828409 1.24738267828409 1.24738267828409 1.09996038126608
"735" 0.65816905163948 0.462321644002596 0.462321644002596 0.462321644002596 1.3465868985134
"736" 0.958503044038767 0.414605571166557 0.414605571166557 0.414605571166557 0.660668501781238
"737" 0.468540256909028 0.0201832600110853 0.0201832600110853 0.0201832600110853 0.87272646200831
"738" 0.98636328964803 0.763344995230739 0.763344995230739 0.763344995230739 0.0934431616649234
"739" 1.45851384984571 0.618306668249537 0.618306668249537 0.618306668249537 0.36171075591523
"740" 1.27512888445055 0.917420795438847 0.917420795438847 0.917420795438847 1.24818416565342
"741" 0.23696905423755 0.471700838900189 0.471700838900189 0.471700838900189 0.420585616016671
"742" 0.0798546256467696 0.308071842126059 0.308071842126059 0.308071842126059 0.0529466189542903
"743" 0.052317436720906 0.163169924137275 0.163169924137275 0.163169924137275 1.35616391943955
"744" 0.157270722674364 0.128463412105336 0.128463412105336 0.128463412105336 1.32067256293489
"745" 0.615979782074985 0.395040209896581 0.395040209896581 0.395040209896581 0.75350708846448
"746" 0.000670730164932651 1.23857877330441 1.23857877330441 1.23857877330441 0.0436955711990744
"747" 0.471845270219644 0.632039161588249 0.632039161588249 0.632039161588249 0.818818552405968
"748" 0.711634437612766 0.354433949703448 0.354433949703448 0.354433949703448 0.29409698961744
"749" 0.169504967343218 0.0513767697659915 0.0513767697659915 0.0513767697659915 0.868824436441367
"750" 0.726149985734721 0.798315260871845 0.798315260871845 0.798315260871845 1.31250953655498
"751" 0.560919839894168 0.899111081629862 0.899111081629862 0.899111081629862 0.185573380413709
"752" 0.862954689634341 0.681934971647662 0.681934971647662 0.681934971647662 0.859518204706217
"753" 0.362564813667687 0.623929174105607 0.623929174105607 0.623929174105607 1.14514020304067
"754" 1.04752204050768 0.921160352878858 0.921160352878858 0.921160352878858 0.436523791063022
"755" 0.214636231650945 1.16440733555206 1.16440733555206 1.16440733555206 0.019401719140035
"756" 1.16594090506233 0.821702059971085 0.821702059971085 0.821702059971085 0.234364995298001
"757" 0.770903154502736 1.05260514809489 1.05260514809489 1.05260514809489 0.929534032761328
"758" 1.24497581802776 0.184920841836246 0.184920841836246 0.184920841836246 0.808322362076535
"759" 0.33897238566824 0.260607485814754 0.260607485814754 0.260607485814754 1.4593440523818
"760" 0.649758507925814 1.3724006930378 1.3724006930378 1.3724006930378 0.0133159267289009
"761" 0.0261738346542479 0.277543891898159 0.277543891898159 0.277543891898159 0.282289510846299
"762" 0.699454056279101 0.0412840362534837 0.0412840362534837 0.0412840362534837 0.219899416739809
"763" 0.00311534966324251 0.132502480223835 0.132502480223835 0.132502480223835 0.441141300719627
"764" 0.59515329143258 0.345789974301752 0.345789974301752 0.345789974301752 0.535556142424645
"765" 0.24604733510684 0.326742858497093 0.326742858497093 0.326742858497093 0.693480416388926
"766" 0.643028067621287 0.578670677679888 0.578670677679888 0.578670677679888 1.2614081136729
"767" 1.27367777931553 1.02963949459452 1.02963949459452 1.02963949459452 0.261481148779601
"768" 0.589352038630533 0.805382465704663 0.805382465704663 0.805382465704663 0.996942377692102
"769" 0.969520909063821 1.38021416176243 1.38021416176243 1.38021416176243 0.774311761387119
"770" 0.265852341461168 0.724325454240553 0.724325454240553 0.724325454240553 0.160549693479067
"771" 1.17029998549663 1.02075296699184 1.02075296699184 1.02075296699184 0.41847286164374
"772" 1.09143804054494 0.203335368401411 0.203335368401411 0.203335368401411 1.1024530586116
"773" 1.05067383683045 0.0264731858595411 0.0264731858595411 0.0264731858595411 1.00718583759573
"774" 0.0576424844931687 0.514703239671205 0.514703239671205 0.514703239671205 0.2781527986093
"775" 0.662998709721939 0.960154508171215 0.960154508171215 0.960154508171215 1.45746765778627
"776" 0.505465536351793 0.578408610753193 0.578408610753193 0.578408610753193 0.363081029042724
"777" 0.0525505325178341 1.07972049170754 1.07972049170754 1.07972049170754 0.0944558112079981
"778" 0.191321612408191 0.493046349970159 0.493046349970159 0.493046349970159 0.0137777260851154
"779" 0.600933592568198 0.840016830931752 0.840016830931752 0.840016830931752 0.30437132386124
"780" 0.330449936545543 1.11218587528897 1.11218587528897 1.11218587528897 1.02519818736991
"781" 1.32447906555067 0.165459185076121 0.165459185076121 0.165459185076121 0.946471547828019
"782" 0.0449107470080699 0.971525430079067 0.971525430079067 0.971525430079067 0.345047900683203
"783" 0.000265579173997558 1.09467350930301 1.09467350930301 1.09467350930301 0.769329064962463
"784" 0.255250254991079 0.437597746889836 0.437597746889836 0.437597746889836 0.639081069279432
"785" 0.184899272677695 0.906273314119913 0.906273314119913 0.906273314119913 0.554084048031585
"786" 0.765572747757834 0.443206313144546 0.443206313144546 0.443206313144546 1.09810010169239
"787" 1.11441102828185 0.866832929814045 0.866832929814045 0.866832929814045 0.324533917731455
"788" 0.0234529117962863 0.0636190682697068 0.0636190682697068 0.0636190682697068 0.270894997957762
"789" 0.787416213999692 0.318871910569041 0.318871910569041 0.318871910569041 0.632645365501995
"790" 0.138730181850821 0.470190724889974 0.470190724889974 0.470190724889974 0.292617489497958
"791" 0.941323570241859 0.973980816415769 0.973980816415769 0.973980816415769 0.632855671735219
"792" 0.120258671910554 0.18949309314862 0.18949309314862 0.18949309314862 0.21472376974065
"793" 0.745113474815234 0.549823810114194 0.549823810114194 0.549823810114194 0.853847332495085
"794" 0.517823255857172 0.390667483845613 0.390667483845613 0.390667483845613 0.0117796767442126
"795" 0.793392927300594 0.457991590383459 0.457991590383459 0.457991590383459 0.658040941324027
"796" 0.23005689453484 0.572361595747252 0.572361595747252 0.572361595747252 1.10807174457878
"797" 0.499182081668993 1.28611811166994 1.28611811166994 1.28611811166994 0.475087131663157
"798" 1.01846355179613 0.22361441130561 0.22361441130561 0.22361441130561 0.476481986412725
"799" 0.150366654675449 0.922548196856545 0.922548196856545 0.922548196856545 0.067986169682046
"800" 1.11388163578233 0.0235350362695449 0.0235350362695449 0.0235350362695449 0.37062645096513
"801" 0.0892835189543081 0.00157539024663671 0.00157539024663671 0.00157539024663671 0.846272534297765
"802" 1.13008115786101 0.698681248051605 0.698681248051605 0.698681248051605 1.33175887809407
"803" 0.510221145382595 0.301293985874685 0.301293985874685 0.301293985874685 0.492820996933536
"804" 0.250965515278593 0.328278586161429 0.328278586161429 0.328278586161429 0.0282544656429809
"805" 0.303267571189576 0.0546459305626659 0.0546459305626659 0.0546459305626659 0.645114202718971
"806" 0.58437433841481 0.129737116763312 0.129737116763312 0.129737116763312 0.089909136174738
"807" 0.154459938498953 0.823027237196861 0.823027237196861 0.823027237196861 0.13115746881155
"808" 0.417539375298463 0.0809192990850622 0.0809192990850622 0.0809192990850622 0.130120991098592
"809" 0.721854709837231 0.295192482204728 0.295192482204728 0.295192482204728 0.233981913159064
"810" 0.395339141316353 1.31077184520227 1.31077184520227 1.31077184520227 0.249096616831578
"811" 0.572356238555773 1.00552815289369 1.00552815289369 1.00552815289369 0.96379937393044
"812" 0.164844120053117 0.733398447932161 0.733398447932161 0.733398447932161 0.434957350048414
"813" 1.27716081014888 0.751427947166265 0.751427947166265 0.751427947166265 0.449697413754935
"814" 0.740824868511998 0.54069974346647 0.54069974346647 0.54069974346647 0.599021308461273
"815" 0.107361078212987 0.502965331742587 0.502965331742587 0.502965331742587 0.298176671678679
"816" 0.346430202843393 0.0888722633046652 0.0888722633046652 0.0888722633046652 0.886194735883564
"817" 0.267683563591373 0.44955741250675 0.44955741250675 0.44955741250675 0.0928467267410934
"818" 0.982378228143713 1.10614698381069 1.10614698381069 1.10614698381069 1.29920399000587
"819" 0.454490307820646 0.326918285961071 0.326918285961071 0.326918285961071 0.127158582613475
"820" 0.419989193690753 1.31321028521662 1.31321028521662 1.31321028521662 0.541082640888674
"821" 0.0638307315603255 0.597581526459304 0.597581526459304 0.597581526459304 0.137815526572531
"822" 0.342755600402007 0.698373587751525 0.698373587751525 0.698373587751525 0.643325798284458
"823" 0.358640882637067 0.109819593647374 0.109819593647374 0.109819593647374 0.413665695766933
"824" 0.361268498841383 0.236190252965949 0.236190252965949 0.236190252965949 0.869725754636919
"825" 0.205792177520925 0.872832673135255 0.872832673135255 0.872832673135255 1.16533164697273
"826" 0.95037839174466 0.975396590258271 0.975396590258271 0.975396590258271 0.113512974355577
"827" 0.0124065162453395 0.313859744696062 0.313859744696062 0.313859744696062 0.526118582641271
"828" 0.370751643174298 0.706800944931637 0.706800944931637 0.706800944931637 0.793015209560848
"829" 0.359011068334598 0.195375668141712 0.195375668141712 0.195375668141712 0.158580326521998
"830" 0.439490872641932 0.224548228203722 0.224548228203722 0.224548228203722 0.041795648556581
"831" 0.261956073706336 0.341261580581251 0.341261580581251 0.341261580581251 0.48169033422212
"832" 0.978195417398699 0.196223414437275 0.196223414437275 0.196223414437275 0.693194713016451
"833" 1.12998067527731 1.39933144534403 1.39933144534403 1.39933144534403 0.670020371966502
"834" 1.32355360054429 1.28838172343413 1.28838172343413 1.28838172343413 0.464640624217706
"835" 0.238265985483946 0.0310659229938148 0.0310659229938148 0.0310659229938148 0.147047289276401
"836" 0.74386874086445 0.706645987231283 0.706645987231283 0.706645987231283 0.406810063966536
"837" 0.80446714061537 0.331936952184927 0.331936952184927 0.331936952184927 0.105549177889854
"838" 0.170386705624335 0.294045611318859 0.294045611318859 0.294045611318859 0.760218480692687
"839" 0.566497008761718 0.547156459655047 0.547156459655047 0.547156459655047 1.10602035286046
"840" 0.66240211635102 0.0473125310578913 0.0473125310578913 0.0473125310578913 0.561457188164909
"841" 0.0876908041748592 0.260705585041409 0.260705585041409 0.260705585041409 0.77883080584772
"842" 0.605767798342159 0.132678364173512 0.132678364173512 0.132678364173512 0.243534535036088
"843" 0.696638211937218 0.3071717099918 0.3071717099918 0.3071717099918 0.65010791306714
"844" 0.158411370677871 0.253281662641534 0.253281662641534 0.253281662641534 0.511655363359229
"845" 0.439462956487869 0.701400492122416 0.701400492122416 0.701400492122416 0.252100590762065
"846" 1.2474663876523 0.0397197259241126 0.0397197259241126 0.0397197259241126 0.497385277634653
"847" 0.579222794735223 0.610338435533503 0.610338435533503 0.610338435533503 0.601804341941638
"848" 1.31673499077244 0.0667675651898985 0.0667675651898985 0.0667675651898985 0.138711034836771
"849" 0.864096126832821 0.216166714903452 0.216166714903452 0.216166714903452 1.17648821600487
"850" 0.813812617114794 0.890558124682468 0.890558124682468 0.890558124682468 0.488248954431599
"851" 0.551089977921914 0.810352588590722 0.810352588590722 0.810352588590722 0.2999686208784
"852" 1.42211620330415 0.644600776939132 0.644600776939132 0.54012008516084 1.35253029822902
"853" 1.32052091228645 0.586563309285945 0.586563309285945 0.586563309285945 1.22359357900829
"854" 0.147500851917542 0.101992205988184 0.101992205988184 0.101992205988184 0.273086090835442
"855" 0.551940054112367 0.880842901660748 0.880842901660748 0.880842901660748 0.189916315509598
"856" 0.695095295108632 0.755740963836618 0.755740963836618 0.755740963836618 0.267200589335324
"857" 0.0850243721367347 0.074331105349019 0.074331105349019 0.074331105349019 1.17849044954371
"858" 0.0301318701068197 0.0141575276527124 0.0141575276527124 0.0141575276527124 0.656786450309262
"859" 0.913546742388831 0.188617440606776 0.188617440606776 0.188617440606776 0.835055290476504
"860" 1.3614306537597 0.5483265178406 1.46541532522579 1.46541532522579 0.642421000419174
"861" 0.0899100650956262 0.399103787903762 0.399103787903762 0.399103787903762 0.173826445438155
"862" 0.374684626751239 1.29452048938654 1.29452048938654 1.29452048938654 0.0758050572630487
"863" 0.0215945344080631 1.03778133157031 1.03778133157031 1.03778133157031 0.467882723578426
"864" 0.388499043602195 1.24518490362909 1.24518490362909 1.24518490362909 0.990176265554546
"865" 0.177162997304646 0.263720297007544 0.263720297007544 0.263720297007544 0.581743208262748
"866" 1.24905838643719 0.911411236747635 0.911411236747635 0.911411236747635 0.721247134340868
"867" 0.195172988782578 0.124627186876238 0.124627186876238 0.124627186876238 0.089562280760279
"868" 1.43898841925698 0.594753439999966 0.594753439999966 0.594753439999966 0.0569632027730429
"869" 0.237141424191654 0.931037596388974 0.931037596388974 0.931037596388974 0.704297606427009
"870" 0.532619485820781 0.914945581146809 0.914945581146809 0.914945581146809 1.25195060879133
"871" 1.32756237598111 0.749972488610894 0.749972488610894 0.749972488610894 0.764896619759493
"872" 1.214024512299 0.362476937876435 0.362476937876435 0.362476937876435 0.165673739186469
"873" 1.33666346032694 0.0894663299410805 0.0894663299410805 0.0894663299410805 1.45715293472157
"874" 0.266383528566748 0.498524617549701 0.498524617549701 0.498524617549701 0.509384384964968
"875" 0.904279697125832 1.43156165741791 1.43156165741791 1.43156165741791 1.00038895731429
"876" 0.159149586965331 0.832479814164761 0.832479814164761 0.832479814164761 0.410133528927021
"877" 0.0820176258938135 1.29038738186941 1.29038738186941 1.29038738186941 0.94686707476054
"878" 0.0691360224733537 0.519042340455596 0.519042340455596 0.519042340455596 0.0125974967283943
"879" 0.503532287764607 0.0661748558140062 0.0661748558140062 0.0661748558140062 1.41184874513782
"880" 0.595584510112106 0.71455342398274 0.71455342398274 0.71455342398274 0.135175108301011
"881" 0.762803004684885 1.44696222505345 1.44696222505345 1.44696222505345 0.708322560673151
"882" 0.217453578172886 0.948182846428036 0.948182846428036 0.948182846428036 0.314713960447722
"883" 0.424799361097439 0.0330876740079988 0.0330876740079988 0.0330876740079988 0.848974909081961
"884" 0.545531055637815 0.133153806320788 0.133153806320788 0.133153806320788 0.38407422444063
"885" 0.582326680452614 0.544737109684631 0.544737109684631 0.544737109684631 0.545028777137437
"886" 1.28307387683703 0.269760802890078 0.269760802890078 0.269760802890078 0.836306262875036
"887" 0.143776168569642 0.103769373796326 0.103769373796326 0.103769373796326 1.0657338109045
"888" 0.0309659426442506 0.224769989910771 0.224769989910771 0.224769989910771 0.341998295019706
"889" 0.07997739991638 0.320618390763178 0.320618390763178 0.320618390763178 1.17012084967817
"890" 0.0121202740903869 0.138195387584865 0.138195387584865 0.138195387584865 0.0188623497447366
"891" 1.25537426155156 0.33196898260195 0.33196898260195 0.33196898260195 0.770923684279897
"892" 0.867241797181861 0.171429672867521 0.171429672867521 0.171429672867521 0.13541136096578
"893" 0.635489606954932 0.667077033056677 0.667077033056677 0.667077033056677 0.152035194490457
"894" 0.347319843511863 1.1027570910506 1.1027570910506 1.1027570910506 0.0783306115387243
"895" 0.308284813121332 0.106840074862278 0.106840074862278 0.106840074862278 0.0109379415577249
"896" 0.293640597742824 0.818629688241106 0.818629688241106 0.818629688241106 0.151493234754746
"897" 0.668445239865091 0.00226813714017002 0.00226813714017002 0.00226813714017002 0.734214722064314
"898" 0.676746977964397 0.754540910699596 0.754540910699596 0.754540910699596 0.273132789386946
"899" 1.43404849167081 0.611958116668333 0.611958116668333 0.611958116668333 0.125343747164329
"900" 1.12525408763519 1.00645022084814 1.00645022084814 1.00645022084814 0.228338151727135
"901" 0.689989845523925 0.194596152495756 0.194596152495756 0.194596152495756 0.896619255939387
"902" 0.382941284846759 0.533966308022881 0.533966308022881 0.533966308022881 0.0975844003160524
"903" 1.25684079969491 0.603820476288006 0.603820476288006 0.603820476288006 1.075445247516
"904" 0.431854402712033 0.91826093398093 0.91826093398093 0.91826093398093 0.295045422677509
"905" 1.23880867993981 0.167094192828463 0.167094192828463 0.167094192828463 0.249394636374068
"906" 0.0206869810364348 0.424653415057666 0.424653415057666 0.424653415057666 0.0416385661853094
"907" 0.308759088114144 0.94299296553443 0.94299296553443 0.94299296553443 0.298446979783997
"908" 0.221818039626397 1.11738778261166 1.11738778261166 1.11738778261166 0.571194401183786
"909" 0.925659787341913 0.506633724266609 0.506633724266609 0.506633724266609 1.06308766011161
"910" 0.261359447499194 1.19525945757174 1.19525945757174 1.19525945757174 0.140576911223502
"911" 0.22315816304007 0.831690050306862 0.831690050306862 0.831690050306862 1.16478192994472
"912" 0.455969201787734 0.0891334408207985 0.0891334408207985 0.0891334408207985 0.144624579320348
"913" 0.0561513537206427 0.13262671062036 0.13262671062036 0.13262671062036 1.28947314174291
"914" 0.193627496143728 0.449487216366742 0.449487216366742 0.449487216366742 0.857922779074653
"915" 0.093369487688041 0.390707148345973 0.390707148345973 0.390707148345973 0.415664845487686
"916" 0.0641471928852804 0.643463842216332 0.643463842216332 0.643463842216332 0.911977876427703
"917" 0.419328599163902 0.679224125479804 0.679224125479804 0.679224125479804 0.14579346399282
"918" 1.44061026846823 0.586643776270126 0.586643776270126 0.586643776270126 0.305176291777659
"919" 1.3814103438615 0.631960713092521 0.447492523610295 0.447492523610295 0.684136385720165
"920" 0.966605270912392 0.662527748976726 0.662527748976726 0.662527748976726 0.305594709766004
"921" 0.546208474848695 1.34230289773155 1.34230289773155 1.34230289773155 0.0801874131445011
"922" 0.437077145610608 1.33642889787051 1.33642889787051 1.33642889787051 0.803148729864015
"923" 0.179062198007213 0.0194768803152494 0.0194768803152494 0.0194768803152494 0.363853326397206
"924" 0.197447104471319 0.206702260715958 0.206702260715958 0.206702260715958 0.557159943696903
"925" 0.614719815238947 0.921905515017252 0.921905515017252 0.921905515017252 0.574241413195947
"926" 0.223915541186923 0.0740641164098079 0.0740641164098079 0.0740641164098079 0.244528285753197
"927" 0.887713116028516 0.499067504471712 0.499067504471712 0.499067504471712 0.158739047284677
"928" 0.559454937334035 0.0917534804672483 0.0917534804672483 0.0917534804672483 0.0751905475903743
"929" 0.0788724130123607 1.03039435535252 1.03039435535252 1.03039435535252 0.431935795281713
"930" 0.124343875363424 1.12046050598631 1.12046050598631 1.12046050598631 1.07300725721742
"931" 0.120199613490648 0.442951009904146 0.442951009904146 0.442951009904146 0.16537792446509
"932" 1.46768910741583 0.580216894735991 0.580216894735991 0.580216894735991 0.696267228447251
"933" 0.0204785968574576 0.00239115366250721 0.00239115366250721 0.00239115366250721 0.130314491655973
"934" 0.637435529041497 0.948266735733981 0.948266735733981 0.948266735733981 1.14134609672885
"935" 0.0826584070126927 0.723529929961273 0.723529929961273 0.723529929961273 0.150967941641987
"936" 0.50377948252896 0.685764066813445 0.685764066813445 0.685764066813445 0.637667669275157
"937" 0.157358140782114 0.387557780911411 0.387557780911411 0.387557780911411 0.0147474873919345
"938" 0.500950195539455 0.864693854749171 0.864693854749171 0.864693854749171 0.319979033516566
"939" 0.35557731861515 0.133835570857348 0.133835570857348 0.133835570857348 0.423101682391682
"940" 0.611228704054432 0.0422604015939161 0.0422604015939161 0.0422604015939161 0.615807156032717
"941" 1.2563132401005 0.221511376576558 0.221511376576558 0.221511376576558 1.20938813433533
"942" 0.603943887355575 0.11439306592865 0.11439306592865 0.11439306592865 0.655875913570515
"943" 0.998366438574609 0.520333360356624 0.520333360356624 0.520333360356624 0.476962300603605
"944" 0.907017055054021 0.257589085615526 0.257589085615526 0.257589085615526 1.01681862688074
"945" 0.638654778698211 1.47557386899936 1.47557386899936 1.47557386899936 0.00988035105592219
"946" 0.535595509049506 0.241715003415632 0.241715003415632 0.241715003415632 1.23850162129651
"947" 0.250745948137306 0.591335429344547 0.591335429344547 0.591335429344547 0.797065954949355
"948" 0.101455126414895 0.646045716108507 0.646045716108507 0.646045716108507 0.578035186272872
"949" 0.471568201311198 0.135945617706954 0.135945617706954 0.135945617706954 0.965325644024053
"950" 0.336016118049946 0.509905698512439 0.509905698512439 0.509905698512439 0.569720550293698
"951" 0.798596781836002 1.40545364218287 1.40545364218287 1.40545364218287 0.274905426278253
"952" 1.34417371359477 0.620001200026904 0.361229410002266 0.361229410002266 0.305386410606361
"953" 0.272585235718134 0.296735175512496 0.296735175512496 0.296735175512496 0.239264162193006
"954" 1.0149972053348 1.105894439782 1.105894439782 1.105894439782 0.201109126004048
"955" 1.09181022471959 0.171944411890563 0.171944411890563 0.171944411890563 0.269668672657905
"956" 0.0363419340475311 0.917747528197264 0.917747528197264 0.917747528197264 0.480050834199317
"957" 1.11182945162458 0.0860696366268943 0.0860696366268943 0.0860696366268943 0.48923742605818
"958" 0.461875323388221 0.626556206539579 0.626556206539579 0.626556206539579 0.14426050622383
"959" 0.0993222558824554 0.216149961069838 0.216149961069838 0.216149961069838 0.44374896094826
"960" 0.71242292985328 0.560097713867188 0.560097713867188 0.560097713867188 0.305022697068718
"961" 0.194535898193538 1.41179486563476 1.41179486563476 1.41179486563476 0.479628096047425
"962" 0.44240040020172 0.744185192967448 0.744185192967448 0.744185192967448 0.513331774978848
"963" 1.16631793428782 1.00849211669053 1.00849211669053 1.00849211669053 0.429337556312049
"964" 0.957929162911752 1.01513428574965 1.01513428574965 1.01513428574965 0.7246100408453
"965" 0.0362133846797879 0.910413068340517 0.910413068340517 0.910413068340517 0.427217423283727
"966" 0.0541027811220345 1.17529713975377 1.17529713975377 1.17529713975377 0.505032670812922
"967" 0.723181350714526 0.568658929075444 0.568658929075444 0.568658929075444 0.743139366432855
"968" 0.195777584887201 0.236587582165585 0.236587582165585 0.236587582165585 0.384929512862469
"969" 0.616464058316136 0.644401177286229 0.644401177286229 0.644401177286229 0.0640092729266233
"970" 0.296387104798945 0.39333658314 0.39333658314 0.39333658314 0.905458175464883
"971" 1.49757629080213 0.588541011484209 0.588541011484209 0.588541011484209 0.603903290829857
"972" 0.799928656417903 0.992650121361691 0.992650121361691 0.992650121361691 1.24868917133871
"973" 0.00246555006683374 0.606632789578381 0.606632789578381 0.606632789578381 0.919686292541115
"974" 0.911261151181804 1.22774253341706 1.22774253341706 1.22774253341706 1.28613894095643
"975" 0.169073962061925 0.573229747493674 0.573229747493674 0.573229747493674 0.564201594327702
"976" 0.767119233377088 1.16248551626431 1.16248551626431 1.16248551626431 0.69685774571052
"977" 0.873563043412369 1.03489238348271 1.03489238348271 1.03489238348271 0.575745442826055
"978" 0.204750189600851 0.501793757268504 0.501793757268504 0.501793757268504 0.378771801224713
"979" 1.34834810622409 0.605495465392372 0.411383841687533 0.411383841687533 0.613637653742512
"980" 0.605686801124785 1.30006381987977 1.30006381987977 1.30006381987977 1.23432007854232
"981" 0.970416615754968 0.62851932895759 0.62851932895759 0.62851932895759 0.0999688777904549
"982" 1.29486258877873 0.266625139513479 0.266625139513479 0.266625139513479 0.427417638470542
"983" 0.0613465338601818 0.154917136897907 0.154917136897907 0.154917136897907 0.979006438323334
"984" 0.724704087093721 0.0257398408557578 0.0257398408557578 0.0257398408557578 1.31378699768056
"985" 1.45718136184194 0.575104256033188 0.575104256033188 0.575104256033188 0.377066593114494
"986" 0.218191327555444 0.54219565948274 0.54219565948274 0.54219565948274 0.323582847120796
"987" 0.031115927553334 1.24926952045217 1.24926952045217 1.24926952045217 0.0171600206503889
"988" 1.45115286094002 0.561373581613161 0.561373581613161 0.561373581613161 0.858886201315659
"989" 0.108931049716775 0.0275455063615318 0.0275455063615318 0.0275455063615318 0.383418957222733
"990" 0.147198380130682 0.0628754127017323 0.0628754127017323 0.0628754127017323 0.0183915997153469
"991" 0.470113599029306 0.388476738391848 0.388476738391848 0.388476738391848 0.611260335519742
"992" 0.681525546482714 0.0358384325208455 0.0358384325208455 0.0358384325208455 0.23302321544499
"993" 1.45566275513789 0.644429707005989 0.644429707005989 0.644429707005989 0.197423883333432
"994" 0.080478757013147 0.49847431461529 0.49847431461529 0.49847431461529 0.536324504233034
"995" 0.774143027800872 0.76021548064442 0.76021548064442 0.76021548064442 0.16755440939634
"996" 0.00101720842265201 0.858459362846639 0.858459362846639 0.858459362846639 1.10643158186153
"997" 0.906810966613653 0.924669581960951 0.924669581960951 0.924669581960951 0.436897403518675
"998" 0.285793800883075 0.972020909577445 0.972020909577445 0.972020909577445 0.19117633983947
"999" 1.36355990014309 0.633421434896763 0.294039338696284 0.294039338696284 0.347292958245492
"1000" 0.164637037190056 0.652389808948074 0.652389808948074 0.652389808948074 0.109795036668082
